areaCode,areaName,areaType,date,cumDailyNsoDeathsByDeathDate
E12000001,North East,region,2022-12-02,9851
E12000001,North East,region,2022-12-01,9849
E12000001,North East,region,2022-11-30,9847
E12000001,North East,region,2022-11-29,9844
E12000001,North East,region,2022-11-28,9843
E12000001,North East,region,2022-11-27,9841
E12000001,North East,region,2022-11-26,9839
E12000001,North East,region,2022-11-25,9839
E12000001,North East,region,2022-11-24,9838
E12000001,North East,region,2022-11-23,9837
E12000001,North East,region,2022-11-22,9836
E12000001,North East,region,2022-11-21,9834
E12000001,North East,region,2022-11-20,9832
E12000001,North East,region,2022-11-19,9828
E12000001,North East,region,2022-11-18,9823
E12000001,North East,region,2022-11-17,9821
E12000001,North East,region,2022-11-16,9819
E12000001,North East,region,2022-11-15,9817
E12000001,North East,region,2022-11-14,9811
E12000001,North East,region,2022-11-13,9803
E12000001,North East,region,2022-11-12,9799
E12000001,North East,region,2022-11-11,9796
E12000001,North East,region,2022-11-10,9789
E12000001,North East,region,2022-11-09,9788
E12000001,North East,region,2022-11-08,9787
E12000001,North East,region,2022-11-07,9784
E12000001,North East,region,2022-11-06,9781
E12000001,North East,region,2022-11-05,9780
E12000001,North East,region,2022-11-04,9774
E12000001,North East,region,2022-11-03,9772
E12000001,North East,region,2022-11-02,9766
E12000001,North East,region,2022-11-01,9764
E12000001,North East,region,2022-10-31,9759
E12000001,North East,region,2022-10-30,9757
E12000001,North East,region,2022-10-29,9752
E12000001,North East,region,2022-10-28,9746
E12000001,North East,region,2022-10-27,9743
E12000001,North East,region,2022-10-26,9738
E12000001,North East,region,2022-10-25,9734
E12000001,North East,region,2022-10-24,9734
E12000001,North East,region,2022-10-23,9729
E12000001,North East,region,2022-10-22,9723
E12000001,North East,region,2022-10-21,9721
E12000001,North East,region,2022-10-20,9718
E12000001,North East,region,2022-10-19,9717
E12000001,North East,region,2022-10-18,9709
E12000001,North East,region,2022-10-17,9706
E12000001,North East,region,2022-10-16,9696
E12000001,North East,region,2022-10-15,9695
E12000001,North East,region,2022-10-14,9686
E12000001,North East,region,2022-10-13,9680
E12000001,North East,region,2022-10-12,9676
E12000001,North East,region,2022-10-11,9673
E12000001,North East,region,2022-10-10,9668
E12000001,North East,region,2022-10-09,9664
E12000001,North East,region,2022-10-08,9660
E12000001,North East,region,2022-10-07,9656
E12000001,North East,region,2022-10-06,9652
E12000001,North East,region,2022-10-05,9648
E12000001,North East,region,2022-10-04,9642
E12000001,North East,region,2022-10-03,9636
E12000001,North East,region,2022-10-02,9632
E12000001,North East,region,2022-10-01,9631
E12000001,North East,region,2022-09-30,9626
E12000001,North East,region,2022-09-29,9623
E12000001,North East,region,2022-09-28,9618
E12000001,North East,region,2022-09-27,9615
E12000001,North East,region,2022-09-26,9614
E12000001,North East,region,2022-09-25,9612
E12000001,North East,region,2022-09-24,9612
E12000001,North East,region,2022-09-23,9608
E12000001,North East,region,2022-09-22,9606
E12000001,North East,region,2022-09-21,9604
E12000001,North East,region,2022-09-20,9604
E12000001,North East,region,2022-09-19,9600
E12000001,North East,region,2022-09-18,9599
E12000001,North East,region,2022-09-17,9598
E12000001,North East,region,2022-09-16,9598
E12000001,North East,region,2022-09-15,9595
E12000001,North East,region,2022-09-14,9594
E12000001,North East,region,2022-09-13,9591
E12000001,North East,region,2022-09-12,9591
E12000001,North East,region,2022-09-11,9590
E12000001,North East,region,2022-09-10,9589
E12000001,North East,region,2022-09-09,9588
E12000001,North East,region,2022-09-08,9587
E12000001,North East,region,2022-09-07,9583
E12000001,North East,region,2022-09-06,9583
E12000001,North East,region,2022-09-05,9583
E12000001,North East,region,2022-09-04,9583
E12000001,North East,region,2022-09-03,9582
E12000001,North East,region,2022-09-02,9582
E12000001,North East,region,2022-09-01,9580
E12000001,North East,region,2022-08-31,9578
E12000001,North East,region,2022-08-30,9575
E12000001,North East,region,2022-08-29,9574
E12000001,North East,region,2022-08-28,9571
E12000001,North East,region,2022-08-27,9567
E12000001,North East,region,2022-08-26,9564
E12000001,North East,region,2022-08-25,9562
E12000001,North East,region,2022-08-24,9561
E12000001,North East,region,2022-08-23,9560
E12000001,North East,region,2022-08-22,9553
E12000001,North East,region,2022-08-21,9551
E12000001,North East,region,2022-08-20,9547
E12000001,North East,region,2022-08-19,9545
E12000001,North East,region,2022-08-18,9544
E12000001,North East,region,2022-08-17,9539
E12000001,North East,region,2022-08-16,9532
E12000001,North East,region,2022-08-15,9530
E12000001,North East,region,2022-08-14,9529
E12000001,North East,region,2022-08-13,9522
E12000001,North East,region,2022-08-12,9520
E12000001,North East,region,2022-08-11,9515
E12000001,North East,region,2022-08-10,9512
E12000001,North East,region,2022-08-09,9506
E12000001,North East,region,2022-08-08,9504
E12000001,North East,region,2022-08-07,9498
E12000001,North East,region,2022-08-06,9494
E12000001,North East,region,2022-08-05,9492
E12000001,North East,region,2022-08-04,9487
E12000001,North East,region,2022-08-03,9482
E12000001,North East,region,2022-08-02,9473
E12000001,North East,region,2022-08-01,9466
E12000001,North East,region,2022-07-31,9458
E12000001,North East,region,2022-07-30,9452
E12000001,North East,region,2022-07-29,9450
E12000001,North East,region,2022-07-28,9445
E12000001,North East,region,2022-07-27,9442
E12000001,North East,region,2022-07-26,9438
E12000001,North East,region,2022-07-25,9433
E12000001,North East,region,2022-07-24,9428
E12000001,North East,region,2022-07-23,9423
E12000001,North East,region,2022-07-22,9417
E12000001,North East,region,2022-07-21,9412
E12000001,North East,region,2022-07-20,9403
E12000001,North East,region,2022-07-19,9393
E12000001,North East,region,2022-07-18,9384
E12000001,North East,region,2022-07-17,9381
E12000001,North East,region,2022-07-16,9375
E12000001,North East,region,2022-07-15,9373
E12000001,North East,region,2022-07-14,9369
E12000001,North East,region,2022-07-13,9365
E12000001,North East,region,2022-07-12,9360
E12000001,North East,region,2022-07-11,9355
E12000001,North East,region,2022-07-10,9353
E12000001,North East,region,2022-07-09,9350
E12000001,North East,region,2022-07-08,9345
E12000001,North East,region,2022-07-07,9342
E12000001,North East,region,2022-07-06,9336
E12000001,North East,region,2022-07-05,9328
E12000001,North East,region,2022-07-04,9323
E12000001,North East,region,2022-07-03,9320
E12000001,North East,region,2022-07-02,9316
E12000001,North East,region,2022-07-01,9311
E12000001,North East,region,2022-06-30,9309
E12000001,North East,region,2022-06-29,9306
E12000001,North East,region,2022-06-28,9302
E12000001,North East,region,2022-06-27,9297
E12000001,North East,region,2022-06-26,9295
E12000001,North East,region,2022-06-25,9294
E12000001,North East,region,2022-06-24,9292
E12000001,North East,region,2022-06-23,9292
E12000001,North East,region,2022-06-22,9291
E12000001,North East,region,2022-06-21,9288
E12000001,North East,region,2022-06-20,9284
E12000001,North East,region,2022-06-19,9283
E12000001,North East,region,2022-06-18,9283
E12000001,North East,region,2022-06-17,9280
E12000001,North East,region,2022-06-16,9279
E12000001,North East,region,2022-06-15,9277
E12000001,North East,region,2022-06-14,9275
E12000001,North East,region,2022-06-13,9274
E12000001,North East,region,2022-06-12,9271
E12000001,North East,region,2022-06-11,9269
E12000001,North East,region,2022-06-10,9266
E12000001,North East,region,2022-06-09,9264
E12000001,North East,region,2022-06-08,9262
E12000001,North East,region,2022-06-07,9260
E12000001,North East,region,2022-06-06,9255
E12000001,North East,region,2022-06-05,9255
E12000001,North East,region,2022-06-04,9253
E12000001,North East,region,2022-06-03,9250
E12000001,North East,region,2022-06-02,9247
E12000001,North East,region,2022-06-01,9246
E12000001,North East,region,2022-05-31,9245
E12000001,North East,region,2022-05-30,9244
E12000001,North East,region,2022-05-29,9239
E12000001,North East,region,2022-05-28,9239
E12000001,North East,region,2022-05-27,9237
E12000001,North East,region,2022-05-26,9235
E12000001,North East,region,2022-05-25,9233
E12000001,North East,region,2022-05-24,9233
E12000001,North East,region,2022-05-23,9231
E12000001,North East,region,2022-05-22,9229
E12000001,North East,region,2022-05-21,9228
E12000001,North East,region,2022-05-20,9224
E12000001,North East,region,2022-05-19,9219
E12000001,North East,region,2022-05-18,9215
E12000001,North East,region,2022-05-17,9214
E12000001,North East,region,2022-05-16,9210
E12000001,North East,region,2022-05-15,9208
E12000001,North East,region,2022-05-14,9203
E12000001,North East,region,2022-05-13,9202
E12000001,North East,region,2022-05-12,9198
E12000001,North East,region,2022-05-11,9194
E12000001,North East,region,2022-05-10,9189
E12000001,North East,region,2022-05-09,9187
E12000001,North East,region,2022-05-08,9181
E12000001,North East,region,2022-05-07,9175
E12000001,North East,region,2022-05-06,9170
E12000001,North East,region,2022-05-05,9165
E12000001,North East,region,2022-05-04,9159
E12000001,North East,region,2022-05-03,9157
E12000001,North East,region,2022-05-02,9150
E12000001,North East,region,2022-05-01,9146
E12000001,North East,region,2022-04-30,9142
E12000001,North East,region,2022-04-29,9140
E12000001,North East,region,2022-04-28,9136
E12000001,North East,region,2022-04-27,9127
E12000001,North East,region,2022-04-26,9119
E12000001,North East,region,2022-04-25,9111
E12000001,North East,region,2022-04-24,9105
E12000001,North East,region,2022-04-23,9104
E12000001,North East,region,2022-04-22,9099
E12000001,North East,region,2022-04-21,9095
E12000001,North East,region,2022-04-20,9088
E12000001,North East,region,2022-04-19,9083
E12000001,North East,region,2022-04-18,9080
E12000001,North East,region,2022-04-17,9072
E12000001,North East,region,2022-04-16,9065
E12000001,North East,region,2022-04-15,9056
E12000001,North East,region,2022-04-14,9047
E12000001,North East,region,2022-04-13,9037
E12000001,North East,region,2022-04-12,9029
E12000001,North East,region,2022-04-11,9022
E12000001,North East,region,2022-04-10,9012
E12000001,North East,region,2022-04-09,9004
E12000001,North East,region,2022-04-08,8997
E12000001,North East,region,2022-04-07,8985
E12000001,North East,region,2022-04-06,8980
E12000001,North East,region,2022-04-05,8974
E12000001,North East,region,2022-04-04,8961
E12000001,North East,region,2022-04-03,8956
E12000001,North East,region,2022-04-02,8946
E12000001,North East,region,2022-04-01,8938
E12000001,North East,region,2022-03-31,8932
E12000001,North East,region,2022-03-30,8925
E12000001,North East,region,2022-03-29,8918
E12000001,North East,region,2022-03-28,8912
E12000001,North East,region,2022-03-27,8906
E12000001,North East,region,2022-03-26,8899
E12000001,North East,region,2022-03-25,8896
E12000001,North East,region,2022-03-24,8892
E12000001,North East,region,2022-03-23,8886
E12000001,North East,region,2022-03-22,8882
E12000001,North East,region,2022-03-21,8876
E12000001,North East,region,2022-03-20,8870
E12000001,North East,region,2022-03-19,8868
E12000001,North East,region,2022-03-18,8865
E12000001,North East,region,2022-03-17,8860
E12000001,North East,region,2022-03-16,8858
E12000001,North East,region,2022-03-15,8852
E12000001,North East,region,2022-03-14,8852
E12000001,North East,region,2022-03-13,8849
E12000001,North East,region,2022-03-12,8845
E12000001,North East,region,2022-03-11,8843
E12000001,North East,region,2022-03-10,8842
E12000001,North East,region,2022-03-09,8839
E12000001,North East,region,2022-03-08,8836
E12000001,North East,region,2022-03-07,8832
E12000001,North East,region,2022-03-06,8829
E12000001,North East,region,2022-03-05,8827
E12000001,North East,region,2022-03-04,8820
E12000001,North East,region,2022-03-03,8815
E12000001,North East,region,2022-03-02,8811
E12000001,North East,region,2022-03-01,8802
E12000001,North East,region,2022-02-28,8797
E12000001,North East,region,2022-02-27,8795
E12000001,North East,region,2022-02-26,8789
E12000001,North East,region,2022-02-25,8786
E12000001,North East,region,2022-02-24,8781
E12000001,North East,region,2022-02-23,8777
E12000001,North East,region,2022-02-22,8776
E12000001,North East,region,2022-02-21,8772
E12000001,North East,region,2022-02-20,8769
E12000001,North East,region,2022-02-19,8764
E12000001,North East,region,2022-02-18,8761
E12000001,North East,region,2022-02-17,8755
E12000001,North East,region,2022-02-16,8748
E12000001,North East,region,2022-02-15,8741
E12000001,North East,region,2022-02-14,8739
E12000001,North East,region,2022-02-13,8732
E12000001,North East,region,2022-02-12,8726
E12000001,North East,region,2022-02-11,8719
E12000001,North East,region,2022-02-10,8713
E12000001,North East,region,2022-02-09,8701
E12000001,North East,region,2022-02-08,8692
E12000001,North East,region,2022-02-07,8682
E12000001,North East,region,2022-02-06,8675
E12000001,North East,region,2022-02-05,8668
E12000001,North East,region,2022-02-04,8658
E12000001,North East,region,2022-02-03,8647
E12000001,North East,region,2022-02-02,8634
E12000001,North East,region,2022-02-01,8626
E12000001,North East,region,2022-01-31,8607
E12000001,North East,region,2022-01-30,8594
E12000001,North East,region,2022-01-29,8583
E12000001,North East,region,2022-01-28,8574
E12000001,North East,region,2022-01-27,8556
E12000001,North East,region,2022-01-26,8544
E12000001,North East,region,2022-01-25,8533
E12000001,North East,region,2022-01-24,8525
E12000001,North East,region,2022-01-23,8510
E12000001,North East,region,2022-01-22,8495
E12000001,North East,region,2022-01-21,8478
E12000001,North East,region,2022-01-20,8462
E12000001,North East,region,2022-01-19,8444
E12000001,North East,region,2022-01-18,8433
E12000001,North East,region,2022-01-17,8415
E12000001,North East,region,2022-01-16,8403
E12000001,North East,region,2022-01-15,8385
E12000001,North East,region,2022-01-14,8374
E12000001,North East,region,2022-01-13,8361
E12000001,North East,region,2022-01-12,8353
E12000001,North East,region,2022-01-11,8335
E12000001,North East,region,2022-01-10,8327
E12000001,North East,region,2022-01-09,8315
E12000001,North East,region,2022-01-08,8307
E12000001,North East,region,2022-01-07,8298
E12000001,North East,region,2022-01-06,8292
E12000001,North East,region,2022-01-05,8285
E12000001,North East,region,2022-01-04,8278
E12000001,North East,region,2022-01-03,8271
E12000001,North East,region,2022-01-02,8263
E12000001,North East,region,2022-01-01,8261
E12000001,North East,region,2021-12-31,8256
E12000001,North East,region,2021-12-30,8250
E12000001,North East,region,2021-12-29,8242
E12000001,North East,region,2021-12-28,8239
E12000001,North East,region,2021-12-27,8232
E12000001,North East,region,2021-12-26,8228
E12000001,North East,region,2021-12-25,8225
E12000001,North East,region,2021-12-24,8218
E12000001,North East,region,2021-12-23,8216
E12000001,North East,region,2021-12-22,8210
E12000001,North East,region,2021-12-21,8202
E12000001,North East,region,2021-12-20,8191
E12000001,North East,region,2021-12-19,8183
E12000001,North East,region,2021-12-18,8178
E12000001,North East,region,2021-12-17,8170
E12000001,North East,region,2021-12-16,8165
E12000001,North East,region,2021-12-15,8162
E12000001,North East,region,2021-12-14,8157
E12000001,North East,region,2021-12-13,8153
E12000001,North East,region,2021-12-12,8148
E12000001,North East,region,2021-12-11,8141
E12000001,North East,region,2021-12-10,8135
E12000001,North East,region,2021-12-09,8131
E12000001,North East,region,2021-12-08,8123
E12000001,North East,region,2021-12-07,8119
E12000001,North East,region,2021-12-06,8112
E12000001,North East,region,2021-12-05,8109
E12000001,North East,region,2021-12-04,8105
E12000001,North East,region,2021-12-03,8098
E12000001,North East,region,2021-12-02,8094
E12000001,North East,region,2021-12-01,8089
E12000001,North East,region,2021-11-30,8077
E12000001,North East,region,2021-11-29,8072
E12000001,North East,region,2021-11-28,8067
E12000001,North East,region,2021-11-27,8061
E12000001,North East,region,2021-11-26,8056
E12000001,North East,region,2021-11-25,8051
E12000001,North East,region,2021-11-24,8047
E12000001,North East,region,2021-11-23,8040
E12000001,North East,region,2021-11-22,8035
E12000001,North East,region,2021-11-21,8026
E12000001,North East,region,2021-11-20,8022
E12000001,North East,region,2021-11-19,8010
E12000001,North East,region,2021-11-18,8005
E12000001,North East,region,2021-11-17,8001
E12000001,North East,region,2021-11-16,7997
E12000001,North East,region,2021-11-15,7990
E12000001,North East,region,2021-11-14,7984
E12000001,North East,region,2021-11-13,7980
E12000001,North East,region,2021-11-12,7972
E12000001,North East,region,2021-11-11,7965
E12000001,North East,region,2021-11-10,7952
E12000001,North East,region,2021-11-09,7946
E12000001,North East,region,2021-11-08,7934
E12000001,North East,region,2021-11-07,7927
E12000001,North East,region,2021-11-06,7920
E12000001,North East,region,2021-11-05,7912
E12000001,North East,region,2021-11-04,7898
E12000001,North East,region,2021-11-03,7891
E12000001,North East,region,2021-11-02,7877
E12000001,North East,region,2021-11-01,7865
E12000001,North East,region,2021-10-31,7857
E12000001,North East,region,2021-10-30,7844
E12000001,North East,region,2021-10-29,7837
E12000001,North East,region,2021-10-28,7831
E12000001,North East,region,2021-10-27,7819
E12000001,North East,region,2021-10-26,7809
E12000001,North East,region,2021-10-25,7802
E12000001,North East,region,2021-10-24,7798
E12000001,North East,region,2021-10-23,7790
E12000001,North East,region,2021-10-22,7783
E12000001,North East,region,2021-10-21,7773
E12000001,North East,region,2021-10-20,7764
E12000001,North East,region,2021-10-19,7757
E12000001,North East,region,2021-10-18,7744
E12000001,North East,region,2021-10-17,7741
E12000001,North East,region,2021-10-16,7733
E12000001,North East,region,2021-10-15,7729
E12000001,North East,region,2021-10-14,7722
E12000001,North East,region,2021-10-13,7712
E12000001,North East,region,2021-10-12,7704
E12000001,North East,region,2021-10-11,7696
E12000001,North East,region,2021-10-10,7688
E12000001,North East,region,2021-10-09,7683
E12000001,North East,region,2021-10-08,7678
E12000001,North East,region,2021-10-07,7668
E12000001,North East,region,2021-10-06,7662
E12000001,North East,region,2021-10-05,7659
E12000001,North East,region,2021-10-04,7652
E12000001,North East,region,2021-10-03,7650
E12000001,North East,region,2021-10-02,7644
E12000001,North East,region,2021-10-01,7637
E12000001,North East,region,2021-09-30,7631
E12000001,North East,region,2021-09-29,7622
E12000001,North East,region,2021-09-28,7612
E12000001,North East,region,2021-09-27,7608
E12000001,North East,region,2021-09-26,7603
E12000001,North East,region,2021-09-25,7595
E12000001,North East,region,2021-09-24,7589
E12000001,North East,region,2021-09-23,7583
E12000001,North East,region,2021-09-22,7574
E12000001,North East,region,2021-09-21,7559
E12000001,North East,region,2021-09-20,7553
E12000001,North East,region,2021-09-19,7540
E12000001,North East,region,2021-09-18,7532
E12000001,North East,region,2021-09-17,7526
E12000001,North East,region,2021-09-16,7518
E12000001,North East,region,2021-09-15,7508
E12000001,North East,region,2021-09-14,7489
E12000001,North East,region,2021-09-13,7476
E12000001,North East,region,2021-09-12,7471
E12000001,North East,region,2021-09-11,7466
E12000001,North East,region,2021-09-10,7462
E12000001,North East,region,2021-09-09,7453
E12000001,North East,region,2021-09-08,7447
E12000001,North East,region,2021-09-07,7446
E12000001,North East,region,2021-09-06,7437
E12000001,North East,region,2021-09-05,7431
E12000001,North East,region,2021-09-04,7426
E12000001,North East,region,2021-09-03,7420
E12000001,North East,region,2021-09-02,7410
E12000001,North East,region,2021-09-01,7401
E12000001,North East,region,2021-08-31,7400
E12000001,North East,region,2021-08-30,7392
E12000001,North East,region,2021-08-29,7384
E12000001,North East,region,2021-08-28,7381
E12000001,North East,region,2021-08-27,7373
E12000001,North East,region,2021-08-26,7365
E12000001,North East,region,2021-08-25,7364
E12000001,North East,region,2021-08-24,7357
E12000001,North East,region,2021-08-23,7349
E12000001,North East,region,2021-08-22,7341
E12000001,North East,region,2021-08-21,7331
E12000001,North East,region,2021-08-20,7323
E12000001,North East,region,2021-08-19,7313
E12000001,North East,region,2021-08-18,7307
E12000001,North East,region,2021-08-17,7299
E12000001,North East,region,2021-08-16,7289
E12000001,North East,region,2021-08-15,7286
E12000001,North East,region,2021-08-14,7283
E12000001,North East,region,2021-08-13,7279
E12000001,North East,region,2021-08-12,7276
E12000001,North East,region,2021-08-11,7272
E12000001,North East,region,2021-08-10,7268
E12000001,North East,region,2021-08-09,7263
E12000001,North East,region,2021-08-08,7254
E12000001,North East,region,2021-08-07,7250
E12000001,North East,region,2021-08-06,7245
E12000001,North East,region,2021-08-05,7238
E12000001,North East,region,2021-08-04,7230
E12000001,North East,region,2021-08-03,7220
E12000001,North East,region,2021-08-02,7207
E12000001,North East,region,2021-08-01,7197
E12000001,North East,region,2021-07-31,7188
E12000001,North East,region,2021-07-30,7178
E12000001,North East,region,2021-07-29,7171
E12000001,North East,region,2021-07-28,7163
E12000001,North East,region,2021-07-27,7157
E12000001,North East,region,2021-07-26,7155
E12000001,North East,region,2021-07-25,7145
E12000001,North East,region,2021-07-24,7141
E12000001,North East,region,2021-07-23,7130
E12000001,North East,region,2021-07-22,7127
E12000001,North East,region,2021-07-21,7120
E12000001,North East,region,2021-07-20,7114
E12000001,North East,region,2021-07-19,7108
E12000001,North East,region,2021-07-18,7096
E12000001,North East,region,2021-07-17,7095
E12000001,North East,region,2021-07-16,7092
E12000001,North East,region,2021-07-15,7086
E12000001,North East,region,2021-07-14,7083
E12000001,North East,region,2021-07-13,7079
E12000001,North East,region,2021-07-12,7074
E12000001,North East,region,2021-07-11,7072
E12000001,North East,region,2021-07-10,7069
E12000001,North East,region,2021-07-09,7067
E12000001,North East,region,2021-07-08,7059
E12000001,North East,region,2021-07-07,7056
E12000001,North East,region,2021-07-06,7054
E12000001,North East,region,2021-07-05,7051
E12000001,North East,region,2021-07-04,7051
E12000001,North East,region,2021-07-03,7051
E12000001,North East,region,2021-07-02,7047
E12000001,North East,region,2021-07-01,7047
E12000001,North East,region,2021-06-30,7043
E12000001,North East,region,2021-06-29,7043
E12000001,North East,region,2021-06-28,7043
E12000001,North East,region,2021-06-27,7043
E12000001,North East,region,2021-06-26,7041
E12000001,North East,region,2021-06-25,7041
E12000001,North East,region,2021-06-24,7041
E12000001,North East,region,2021-06-23,7040
E12000001,North East,region,2021-06-22,7040
E12000001,North East,region,2021-06-21,7039
E12000001,North East,region,2021-06-20,7039
E12000001,North East,region,2021-06-19,7039
E12000001,North East,region,2021-06-18,7039
E12000001,North East,region,2021-06-17,7039
E12000001,North East,region,2021-06-16,7039
E12000001,North East,region,2021-06-15,7039
E12000001,North East,region,2021-06-14,7039
E12000001,North East,region,2021-06-13,7039
E12000001,North East,region,2021-06-12,7039
E12000001,North East,region,2021-06-11,7039
E12000001,North East,region,2021-06-10,7039
E12000001,North East,region,2021-06-09,7038
E12000001,North East,region,2021-06-08,7038
E12000001,North East,region,2021-06-07,7038
E12000001,North East,region,2021-06-06,7038
E12000001,North East,region,2021-06-05,7038
E12000001,North East,region,2021-06-04,7037
E12000001,North East,region,2021-06-03,7037
E12000001,North East,region,2021-06-02,7037
E12000001,North East,region,2021-06-01,7037
E12000001,North East,region,2021-05-31,7036
E12000001,North East,region,2021-05-30,7035
E12000001,North East,region,2021-05-29,7035
E12000001,North East,region,2021-05-28,7035
E12000001,North East,region,2021-05-27,7035
E12000001,North East,region,2021-05-26,7035
E12000001,North East,region,2021-05-25,7035
E12000001,North East,region,2021-05-24,7035
E12000001,North East,region,2021-05-23,7035
E12000001,North East,region,2021-05-22,7035
E12000001,North East,region,2021-05-21,7035
E12000001,North East,region,2021-05-20,7035
E12000001,North East,region,2021-05-19,7035
E12000001,North East,region,2021-05-18,7035
E12000001,North East,region,2021-05-17,7034
E12000001,North East,region,2021-05-16,7034
E12000001,North East,region,2021-05-15,7034
E12000001,North East,region,2021-05-14,7033
E12000001,North East,region,2021-05-13,7033
E12000001,North East,region,2021-05-12,7033
E12000001,North East,region,2021-05-11,7029
E12000001,North East,region,2021-05-10,7028
E12000001,North East,region,2021-05-09,7028
E12000001,North East,region,2021-05-08,7027
E12000001,North East,region,2021-05-07,7027
E12000001,North East,region,2021-05-06,7026
E12000001,North East,region,2021-05-05,7026
E12000001,North East,region,2021-05-04,7026
E12000001,North East,region,2021-05-03,7025
E12000001,North East,region,2021-05-02,7024
E12000001,North East,region,2021-05-01,7024
E12000001,North East,region,2021-04-30,7024
E12000001,North East,region,2021-04-29,7024
E12000001,North East,region,2021-04-28,7024
E12000001,North East,region,2021-04-27,7024
E12000001,North East,region,2021-04-26,7022
E12000001,North East,region,2021-04-25,7021
E12000001,North East,region,2021-04-24,7020
E12000001,North East,region,2021-04-23,7018
E12000001,North East,region,2021-04-22,7017
E12000001,North East,region,2021-04-21,7016
E12000001,North East,region,2021-04-20,7015
E12000001,North East,region,2021-04-19,7015
E12000001,North East,region,2021-04-18,7015
E12000001,North East,region,2021-04-17,7015
E12000001,North East,region,2021-04-16,7014
E12000001,North East,region,2021-04-15,7012
E12000001,North East,region,2021-04-14,7011
E12000001,North East,region,2021-04-13,7009
E12000001,North East,region,2021-04-12,7007
E12000001,North East,region,2021-04-11,7007
E12000001,North East,region,2021-04-10,7007
E12000001,North East,region,2021-04-09,7006
E12000001,North East,region,2021-04-08,7006
E12000001,North East,region,2021-04-07,7004
E12000001,North East,region,2021-04-06,7003
E12000001,North East,region,2021-04-05,7001
E12000001,North East,region,2021-04-04,7000
E12000001,North East,region,2021-04-03,6997
E12000001,North East,region,2021-04-02,6994
E12000001,North East,region,2021-04-01,6993
E12000001,North East,region,2021-03-31,6992
E12000001,North East,region,2021-03-30,6986
E12000001,North East,region,2021-03-29,6983
E12000001,North East,region,2021-03-28,6980
E12000001,North East,region,2021-03-27,6979
E12000001,North East,region,2021-03-26,6975
E12000001,North East,region,2021-03-25,6972
E12000001,North East,region,2021-03-24,6970
E12000001,North East,region,2021-03-23,6968
E12000001,North East,region,2021-03-22,6960
E12000001,North East,region,2021-03-21,6957
E12000001,North East,region,2021-03-20,6956
E12000001,North East,region,2021-03-19,6950
E12000001,North East,region,2021-03-18,6945
E12000001,North East,region,2021-03-17,6941
E12000001,North East,region,2021-03-16,6935
E12000001,North East,region,2021-03-15,6933
E12000001,North East,region,2021-03-14,6931
E12000001,North East,region,2021-03-13,6928
E12000001,North East,region,2021-03-12,6920
E12000001,North East,region,2021-03-11,6910
E12000001,North East,region,2021-03-10,6905
E12000001,North East,region,2021-03-09,6897
E12000001,North East,region,2021-03-08,6889
E12000001,North East,region,2021-03-07,6879
E12000001,North East,region,2021-03-06,6874
E12000001,North East,region,2021-03-05,6869
E12000001,North East,region,2021-03-04,6855
E12000001,North East,region,2021-03-03,6847
E12000001,North East,region,2021-03-02,6834
E12000001,North East,region,2021-03-01,6826
E12000001,North East,region,2021-02-28,6812
E12000001,North East,region,2021-02-27,6800
E12000001,North East,region,2021-02-26,6790
E12000001,North East,region,2021-02-25,6778
E12000001,North East,region,2021-02-24,6767
E12000001,North East,region,2021-02-23,6745
E12000001,North East,region,2021-02-22,6734
E12000001,North East,region,2021-02-21,6724
E12000001,North East,region,2021-02-20,6706
E12000001,North East,region,2021-02-19,6686
E12000001,North East,region,2021-02-18,6666
E12000001,North East,region,2021-02-17,6648
E12000001,North East,region,2021-02-16,6632
E12000001,North East,region,2021-02-15,6612
E12000001,North East,region,2021-02-14,6581
E12000001,North East,region,2021-02-13,6556
E12000001,North East,region,2021-02-12,6533
E12000001,North East,region,2021-02-11,6510
E12000001,North East,region,2021-02-10,6491
E12000001,North East,region,2021-02-09,6464
E12000001,North East,region,2021-02-08,6437
E12000001,North East,region,2021-02-07,6404
E12000001,North East,region,2021-02-06,6376
E12000001,North East,region,2021-02-05,6348
E12000001,North East,region,2021-02-04,6309
E12000001,North East,region,2021-02-03,6266
E12000001,North East,region,2021-02-02,6229
E12000001,North East,region,2021-02-01,6195
E12000001,North East,region,2021-01-31,6160
E12000001,North East,region,2021-01-30,6121
E12000001,North East,region,2021-01-29,6089
E12000001,North East,region,2021-01-28,6043
E12000001,North East,region,2021-01-27,6004
E12000001,North East,region,2021-01-26,5965
E12000001,North East,region,2021-01-25,5926
E12000001,North East,region,2021-01-24,5871
E12000001,North East,region,2021-01-23,5829
E12000001,North East,region,2021-01-22,5801
E12000001,North East,region,2021-01-21,5754
E12000001,North East,region,2021-01-20,5719
E12000001,North East,region,2021-01-19,5679
E12000001,North East,region,2021-01-18,5620
E12000001,North East,region,2021-01-17,5581
E12000001,North East,region,2021-01-16,5547
E12000001,North East,region,2021-01-15,5511
E12000001,North East,region,2021-01-14,5466
E12000001,North East,region,2021-01-13,5428
E12000001,North East,region,2021-01-12,5395
E12000001,North East,region,2021-01-11,5359
E12000001,North East,region,2021-01-10,5307
E12000001,North East,region,2021-01-09,5271
E12000001,North East,region,2021-01-08,5240
E12000001,North East,region,2021-01-07,5207
E12000001,North East,region,2021-01-06,5175
E12000001,North East,region,2021-01-05,5148
E12000001,North East,region,2021-01-04,5111
E12000001,North East,region,2021-01-03,5086
E12000001,North East,region,2021-01-02,5060
E12000001,North East,region,2021-01-01,5040
E12000001,North East,region,2020-12-31,5006
E12000001,North East,region,2020-12-30,4986
E12000001,North East,region,2020-12-29,4962
E12000001,North East,region,2020-12-28,4938
E12000001,North East,region,2020-12-27,4902
E12000001,North East,region,2020-12-26,4869
E12000001,North East,region,2020-12-25,4834
E12000001,North East,region,2020-12-24,4812
E12000001,North East,region,2020-12-23,4790
E12000001,North East,region,2020-12-22,4762
E12000001,North East,region,2020-12-21,4731
E12000001,North East,region,2020-12-20,4712
E12000001,North East,region,2020-12-19,4682
E12000001,North East,region,2020-12-18,4649
E12000001,North East,region,2020-12-17,4612
E12000001,North East,region,2020-12-16,4588
E12000001,North East,region,2020-12-15,4573
E12000001,North East,region,2020-12-14,4549
E12000001,North East,region,2020-12-13,4521
E12000001,North East,region,2020-12-12,4501
E12000001,North East,region,2020-12-11,4477
E12000001,North East,region,2020-12-10,4456
E12000001,North East,region,2020-12-09,4429
E12000001,North East,region,2020-12-08,4411
E12000001,North East,region,2020-12-07,4389
E12000001,North East,region,2020-12-06,4362
E12000001,North East,region,2020-12-05,4345
E12000001,North East,region,2020-12-04,4318
E12000001,North East,region,2020-12-03,4300
E12000001,North East,region,2020-12-02,4278
E12000001,North East,region,2020-12-01,4255
E12000001,North East,region,2020-11-30,4238
E12000001,North East,region,2020-11-29,4211
E12000001,North East,region,2020-11-28,4181
E12000001,North East,region,2020-11-27,4157
E12000001,North East,region,2020-11-26,4134
E12000001,North East,region,2020-11-25,4104
E12000001,North East,region,2020-11-24,4075
E12000001,North East,region,2020-11-23,4037
E12000001,North East,region,2020-11-22,4002
E12000001,North East,region,2020-11-21,3970
E12000001,North East,region,2020-11-20,3938
E12000001,North East,region,2020-11-19,3902
E12000001,North East,region,2020-11-18,3871
E12000001,North East,region,2020-11-17,3837
E12000001,North East,region,2020-11-16,3808
E12000001,North East,region,2020-11-15,3783
E12000001,North East,region,2020-11-14,3756
E12000001,North East,region,2020-11-13,3720
E12000001,North East,region,2020-11-12,3691
E12000001,North East,region,2020-11-11,3670
E12000001,North East,region,2020-11-10,3649
E12000001,North East,region,2020-11-09,3626
E12000001,North East,region,2020-11-08,3592
E12000001,North East,region,2020-11-07,3572
E12000001,North East,region,2020-11-06,3541
E12000001,North East,region,2020-11-05,3514
E12000001,North East,region,2020-11-04,3491
E12000001,North East,region,2020-11-03,3468
E12000001,North East,region,2020-11-02,3449
E12000001,North East,region,2020-11-01,3433
E12000001,North East,region,2020-10-31,3407
E12000001,North East,region,2020-10-30,3388
E12000001,North East,region,2020-10-29,3363
E12000001,North East,region,2020-10-28,3345
E12000001,North East,region,2020-10-27,3320
E12000001,North East,region,2020-10-26,3301
E12000001,North East,region,2020-10-25,3279
E12000001,North East,region,2020-10-24,3262
E12000001,North East,region,2020-10-23,3248
E12000001,North East,region,2020-10-22,3233
E12000001,North East,region,2020-10-21,3212
E12000001,North East,region,2020-10-20,3193
E12000001,North East,region,2020-10-19,3174
E12000001,North East,region,2020-10-18,3154
E12000001,North East,region,2020-10-17,3140
E12000001,North East,region,2020-10-16,3125
E12000001,North East,region,2020-10-15,3110
E12000001,North East,region,2020-10-14,3094
E12000001,North East,region,2020-10-13,3078
E12000001,North East,region,2020-10-12,3065
E12000001,North East,region,2020-10-11,3053
E12000001,North East,region,2020-10-10,3037
E12000001,North East,region,2020-10-09,3022
E12000001,North East,region,2020-10-08,3012
E12000001,North East,region,2020-10-07,2998
E12000001,North East,region,2020-10-06,2988
E12000001,North East,region,2020-10-05,2978
E12000001,North East,region,2020-10-04,2972
E12000001,North East,region,2020-10-03,2961
E12000001,North East,region,2020-10-02,2954
E12000001,North East,region,2020-10-01,2936
E12000001,North East,region,2020-09-30,2931
E12000001,North East,region,2020-09-29,2928
E12000001,North East,region,2020-09-28,2923
E12000001,North East,region,2020-09-27,2917
E12000001,North East,region,2020-09-26,2904
E12000001,North East,region,2020-09-25,2899
E12000001,North East,region,2020-09-24,2894
E12000001,North East,region,2020-09-23,2893
E12000001,North East,region,2020-09-22,2889
E12000001,North East,region,2020-09-21,2888
E12000001,North East,region,2020-09-20,2885
E12000001,North East,region,2020-09-19,2882
E12000001,North East,region,2020-09-18,2881
E12000001,North East,region,2020-09-17,2878
E12000001,North East,region,2020-09-16,2873
E12000001,North East,region,2020-09-15,2871
E12000001,North East,region,2020-09-14,2870
E12000001,North East,region,2020-09-13,2870
E12000001,North East,region,2020-09-12,2869
E12000001,North East,region,2020-09-11,2868
E12000001,North East,region,2020-09-10,2866
E12000001,North East,region,2020-09-09,2866
E12000001,North East,region,2020-09-08,2866
E12000001,North East,region,2020-09-07,2866
E12000001,North East,region,2020-09-06,2865
E12000001,North East,region,2020-09-05,2864
E12000001,North East,region,2020-09-04,2863
E12000001,North East,region,2020-09-03,2863
E12000001,North East,region,2020-09-02,2862
E12000001,North East,region,2020-09-01,2862
E12000001,North East,region,2020-08-31,2862
E12000001,North East,region,2020-08-30,2862
E12000001,North East,region,2020-08-29,2862
E12000001,North East,region,2020-08-28,2860
E12000001,North East,region,2020-08-27,2859
E12000001,North East,region,2020-08-26,2858
E12000001,North East,region,2020-08-25,2858
E12000001,North East,region,2020-08-24,2858
E12000001,North East,region,2020-08-23,2858
E12000001,North East,region,2020-08-22,2857
E12000001,North East,region,2020-08-21,2857
E12000001,North East,region,2020-08-20,2857
E12000001,North East,region,2020-08-19,2857
E12000001,North East,region,2020-08-18,2856
E12000001,North East,region,2020-08-17,2855
E12000001,North East,region,2020-08-16,2853
E12000001,North East,region,2020-08-15,2853
E12000001,North East,region,2020-08-14,2852
E12000001,North East,region,2020-08-13,2852
E12000001,North East,region,2020-08-12,2852
E12000001,North East,region,2020-08-11,2852
E12000001,North East,region,2020-08-10,2851
E12000001,North East,region,2020-08-09,2849
E12000001,North East,region,2020-08-08,2847
E12000001,North East,region,2020-08-07,2847
E12000001,North East,region,2020-08-06,2847
E12000001,North East,region,2020-08-05,2847
E12000001,North East,region,2020-08-04,2847
E12000001,North East,region,2020-08-03,2847
E12000001,North East,region,2020-08-02,2845
E12000001,North East,region,2020-08-01,2845
E12000001,North East,region,2020-07-31,2845
E12000001,North East,region,2020-07-30,2844
E12000001,North East,region,2020-07-29,2844
E12000001,North East,region,2020-07-28,2843
E12000001,North East,region,2020-07-27,2842
E12000001,North East,region,2020-07-26,2842
E12000001,North East,region,2020-07-25,2842
E12000001,North East,region,2020-07-24,2842
E12000001,North East,region,2020-07-23,2842
E12000001,North East,region,2020-07-22,2841
E12000001,North East,region,2020-07-21,2840
E12000001,North East,region,2020-07-20,2840
E12000001,North East,region,2020-07-19,2839
E12000001,North East,region,2020-07-18,2838
E12000001,North East,region,2020-07-17,2837
E12000001,North East,region,2020-07-16,2837
E12000001,North East,region,2020-07-15,2837
E12000001,North East,region,2020-07-14,2837
E12000001,North East,region,2020-07-13,2835
E12000001,North East,region,2020-07-12,2834
E12000001,North East,region,2020-07-11,2832
E12000001,North East,region,2020-07-10,2832
E12000001,North East,region,2020-07-09,2829
E12000001,North East,region,2020-07-08,2828
E12000001,North East,region,2020-07-07,2827
E12000001,North East,region,2020-07-06,2826
E12000001,North East,region,2020-07-05,2825
E12000001,North East,region,2020-07-04,2823
E12000001,North East,region,2020-07-03,2823
E12000001,North East,region,2020-07-02,2821
E12000001,North East,region,2020-07-01,2820
E12000001,North East,region,2020-06-30,2818
E12000001,North East,region,2020-06-29,2817
E12000001,North East,region,2020-06-28,2815
E12000001,North East,region,2020-06-27,2809
E12000001,North East,region,2020-06-26,2806
E12000001,North East,region,2020-06-25,2801
E12000001,North East,region,2020-06-24,2795
E12000001,North East,region,2020-06-23,2792
E12000001,North East,region,2020-06-22,2789
E12000001,North East,region,2020-06-21,2784
E12000001,North East,region,2020-06-20,2779
E12000001,North East,region,2020-06-19,2776
E12000001,North East,region,2020-06-18,2775
E12000001,North East,region,2020-06-17,2769
E12000001,North East,region,2020-06-16,2767
E12000001,North East,region,2020-06-15,2760
E12000001,North East,region,2020-06-14,2758
E12000001,North East,region,2020-06-13,2752
E12000001,North East,region,2020-06-12,2748
E12000001,North East,region,2020-06-11,2742
E12000001,North East,region,2020-06-10,2735
E12000001,North East,region,2020-06-09,2727
E12000001,North East,region,2020-06-08,2717
E12000001,North East,region,2020-06-07,2708
E12000001,North East,region,2020-06-06,2697
E12000001,North East,region,2020-06-05,2692
E12000001,North East,region,2020-06-04,2677
E12000001,North East,region,2020-06-03,2668
E12000001,North East,region,2020-06-02,2656
E12000001,North East,region,2020-06-01,2636
E12000001,North East,region,2020-05-31,2625
E12000001,North East,region,2020-05-30,2613
E12000001,North East,region,2020-05-29,2599
E12000001,North East,region,2020-05-28,2574
E12000001,North East,region,2020-05-27,2555
E12000001,North East,region,2020-05-26,2537
E12000001,North East,region,2020-05-25,2511
E12000001,North East,region,2020-05-24,2498
E12000001,North East,region,2020-05-23,2480
E12000001,North East,region,2020-05-22,2460
E12000001,North East,region,2020-05-21,2441
E12000001,North East,region,2020-05-20,2414
E12000001,North East,region,2020-05-19,2394
E12000001,North East,region,2020-05-18,2372
E12000001,North East,region,2020-05-17,2334
E12000001,North East,region,2020-05-16,2300
E12000001,North East,region,2020-05-15,2265
E12000001,North East,region,2020-05-14,2240
E12000001,North East,region,2020-05-13,2209
E12000001,North East,region,2020-05-12,2177
E12000001,North East,region,2020-05-11,2154
E12000001,North East,region,2020-05-10,2129
E12000001,North East,region,2020-05-09,2102
E12000001,North East,region,2020-05-08,2072
E12000001,North East,region,2020-05-07,2036
E12000001,North East,region,2020-05-06,1990
E12000001,North East,region,2020-05-05,1954
E12000001,North East,region,2020-05-04,1918
E12000001,North East,region,2020-05-03,1884
E12000001,North East,region,2020-05-02,1841
E12000001,North East,region,2020-05-01,1785
E12000001,North East,region,2020-04-30,1733
E12000001,North East,region,2020-04-29,1686
E12000001,North East,region,2020-04-28,1650
E12000001,North East,region,2020-04-27,1600
E12000001,North East,region,2020-04-26,1561
E12000001,North East,region,2020-04-25,1513
E12000001,North East,region,2020-04-24,1451
E12000001,North East,region,2020-04-23,1414
E12000001,North East,region,2020-04-22,1364
E12000001,North East,region,2020-04-21,1311
E12000001,North East,region,2020-04-20,1262
E12000001,North East,region,2020-04-19,1210
E12000001,North East,region,2020-04-18,1152
E12000001,North East,region,2020-04-17,1083
E12000001,North East,region,2020-04-16,1024
E12000001,North East,region,2020-04-15,977
E12000001,North East,region,2020-04-14,931
E12000001,North East,region,2020-04-13,864
E12000001,North East,region,2020-04-12,813
E12000001,North East,region,2020-04-11,750
E12000001,North East,region,2020-04-10,677
E12000001,North East,region,2020-04-09,598
E12000001,North East,region,2020-04-08,535
E12000001,North East,region,2020-04-07,476
E12000001,North East,region,2020-04-06,421
E12000001,North East,region,2020-04-05,363
E12000001,North East,region,2020-04-04,312
E12000001,North East,region,2020-04-03,265
E12000001,North East,region,2020-04-02,209
E12000001,North East,region,2020-04-01,168
E12000001,North East,region,2020-03-31,132
E12000001,North East,region,2020-03-30,102
E12000001,North East,region,2020-03-29,66
E12000001,North East,region,2020-03-28,57
E12000001,North East,region,2020-03-27,46
E12000001,North East,region,2020-03-26,33
E12000001,North East,region,2020-03-25,25
E12000001,North East,region,2020-03-24,19
E12000001,North East,region,2020-03-23,17
E12000001,North East,region,2020-03-22,13
E12000001,North East,region,2020-03-21,7
E12000001,North East,region,2020-03-20,4
E12000001,North East,region,2020-03-19,1
E12000001,North East,region,2020-03-18,1
E12000001,North East,region,2020-03-17,1
E12000001,North East,region,2020-03-16,1
E12000001,North East,region,2020-03-15,1
E12000002,North West,region,2022-12-02,28019
E12000002,North West,region,2022-12-01,28018
E12000002,North West,region,2022-11-30,28010
E12000002,North West,region,2022-11-29,28004
E12000002,North West,region,2022-11-28,28000
E12000002,North West,region,2022-11-27,27997
E12000002,North West,region,2022-11-26,27993
E12000002,North West,region,2022-11-25,27987
E12000002,North West,region,2022-11-24,27982
E12000002,North West,region,2022-11-23,27978
E12000002,North West,region,2022-11-22,27973
E12000002,North West,region,2022-11-21,27967
E12000002,North West,region,2022-11-20,27959
E12000002,North West,region,2022-11-19,27954
E12000002,North West,region,2022-11-18,27948
E12000002,North West,region,2022-11-17,27942
E12000002,North West,region,2022-11-16,27939
E12000002,North West,region,2022-11-15,27931
E12000002,North West,region,2022-11-14,27921
E12000002,North West,region,2022-11-13,27915
E12000002,North West,region,2022-11-12,27908
E12000002,North West,region,2022-11-11,27904
E12000002,North West,region,2022-11-10,27898
E12000002,North West,region,2022-11-09,27892
E12000002,North West,region,2022-11-08,27884
E12000002,North West,region,2022-11-07,27880
E12000002,North West,region,2022-11-06,27872
E12000002,North West,region,2022-11-05,27871
E12000002,North West,region,2022-11-04,27860
E12000002,North West,region,2022-11-03,27846
E12000002,North West,region,2022-11-02,27835
E12000002,North West,region,2022-11-01,27829
E12000002,North West,region,2022-10-31,27818
E12000002,North West,region,2022-10-30,27810
E12000002,North West,region,2022-10-29,27804
E12000002,North West,region,2022-10-28,27792
E12000002,North West,region,2022-10-27,27785
E12000002,North West,region,2022-10-26,27773
E12000002,North West,region,2022-10-25,27759
E12000002,North West,region,2022-10-24,27748
E12000002,North West,region,2022-10-23,27738
E12000002,North West,region,2022-10-22,27726
E12000002,North West,region,2022-10-21,27715
E12000002,North West,region,2022-10-20,27700
E12000002,North West,region,2022-10-19,27688
E12000002,North West,region,2022-10-18,27678
E12000002,North West,region,2022-10-17,27664
E12000002,North West,region,2022-10-16,27660
E12000002,North West,region,2022-10-15,27647
E12000002,North West,region,2022-10-14,27640
E12000002,North West,region,2022-10-13,27625
E12000002,North West,region,2022-10-12,27617
E12000002,North West,region,2022-10-11,27605
E12000002,North West,region,2022-10-10,27590
E12000002,North West,region,2022-10-09,27583
E12000002,North West,region,2022-10-08,27572
E12000002,North West,region,2022-10-07,27555
E12000002,North West,region,2022-10-06,27542
E12000002,North West,region,2022-10-05,27530
E12000002,North West,region,2022-10-04,27518
E12000002,North West,region,2022-10-03,27508
E12000002,North West,region,2022-10-02,27499
E12000002,North West,region,2022-10-01,27494
E12000002,North West,region,2022-09-30,27489
E12000002,North West,region,2022-09-29,27483
E12000002,North West,region,2022-09-28,27474
E12000002,North West,region,2022-09-27,27468
E12000002,North West,region,2022-09-26,27457
E12000002,North West,region,2022-09-25,27451
E12000002,North West,region,2022-09-24,27444
E12000002,North West,region,2022-09-23,27436
E12000002,North West,region,2022-09-22,27430
E12000002,North West,region,2022-09-21,27426
E12000002,North West,region,2022-09-20,27419
E12000002,North West,region,2022-09-19,27416
E12000002,North West,region,2022-09-18,27411
E12000002,North West,region,2022-09-17,27406
E12000002,North West,region,2022-09-16,27402
E12000002,North West,region,2022-09-15,27396
E12000002,North West,region,2022-09-14,27393
E12000002,North West,region,2022-09-13,27389
E12000002,North West,region,2022-09-12,27385
E12000002,North West,region,2022-09-11,27379
E12000002,North West,region,2022-09-10,27377
E12000002,North West,region,2022-09-09,27372
E12000002,North West,region,2022-09-08,27368
E12000002,North West,region,2022-09-07,27366
E12000002,North West,region,2022-09-06,27358
E12000002,North West,region,2022-09-05,27351
E12000002,North West,region,2022-09-04,27344
E12000002,North West,region,2022-09-03,27337
E12000002,North West,region,2022-09-02,27329
E12000002,North West,region,2022-09-01,27324
E12000002,North West,region,2022-08-31,27321
E12000002,North West,region,2022-08-30,27314
E12000002,North West,region,2022-08-29,27309
E12000002,North West,region,2022-08-28,27306
E12000002,North West,region,2022-08-27,27299
E12000002,North West,region,2022-08-26,27295
E12000002,North West,region,2022-08-25,27292
E12000002,North West,region,2022-08-24,27287
E12000002,North West,region,2022-08-23,27280
E12000002,North West,region,2022-08-22,27272
E12000002,North West,region,2022-08-21,27260
E12000002,North West,region,2022-08-20,27256
E12000002,North West,region,2022-08-19,27245
E12000002,North West,region,2022-08-18,27242
E12000002,North West,region,2022-08-17,27236
E12000002,North West,region,2022-08-16,27232
E12000002,North West,region,2022-08-15,27221
E12000002,North West,region,2022-08-14,27212
E12000002,North West,region,2022-08-13,27204
E12000002,North West,region,2022-08-12,27188
E12000002,North West,region,2022-08-11,27175
E12000002,North West,region,2022-08-10,27163
E12000002,North West,region,2022-08-09,27152
E12000002,North West,region,2022-08-08,27139
E12000002,North West,region,2022-08-07,27129
E12000002,North West,region,2022-08-06,27109
E12000002,North West,region,2022-08-05,27101
E12000002,North West,region,2022-08-04,27094
E12000002,North West,region,2022-08-03,27083
E12000002,North West,region,2022-08-02,27066
E12000002,North West,region,2022-08-01,27059
E12000002,North West,region,2022-07-31,27051
E12000002,North West,region,2022-07-30,27041
E12000002,North West,region,2022-07-29,27030
E12000002,North West,region,2022-07-28,27017
E12000002,North West,region,2022-07-27,27003
E12000002,North West,region,2022-07-26,26988
E12000002,North West,region,2022-07-25,26974
E12000002,North West,region,2022-07-24,26962
E12000002,North West,region,2022-07-23,26956
E12000002,North West,region,2022-07-22,26939
E12000002,North West,region,2022-07-21,26931
E12000002,North West,region,2022-07-20,26914
E12000002,North West,region,2022-07-19,26902
E12000002,North West,region,2022-07-18,26884
E12000002,North West,region,2022-07-17,26873
E12000002,North West,region,2022-07-16,26855
E12000002,North West,region,2022-07-15,26839
E12000002,North West,region,2022-07-14,26830
E12000002,North West,region,2022-07-13,26817
E12000002,North West,region,2022-07-12,26803
E12000002,North West,region,2022-07-11,26789
E12000002,North West,region,2022-07-10,26778
E12000002,North West,region,2022-07-09,26771
E12000002,North West,region,2022-07-08,26764
E12000002,North West,region,2022-07-07,26754
E12000002,North West,region,2022-07-06,26743
E12000002,North West,region,2022-07-05,26736
E12000002,North West,region,2022-07-04,26720
E12000002,North West,region,2022-07-03,26714
E12000002,North West,region,2022-07-02,26712
E12000002,North West,region,2022-07-01,26699
E12000002,North West,region,2022-06-30,26693
E12000002,North West,region,2022-06-29,26685
E12000002,North West,region,2022-06-28,26675
E12000002,North West,region,2022-06-27,26668
E12000002,North West,region,2022-06-26,26660
E12000002,North West,region,2022-06-25,26655
E12000002,North West,region,2022-06-24,26648
E12000002,North West,region,2022-06-23,26641
E12000002,North West,region,2022-06-22,26635
E12000002,North West,region,2022-06-21,26624
E12000002,North West,region,2022-06-20,26618
E12000002,North West,region,2022-06-19,26614
E12000002,North West,region,2022-06-18,26608
E12000002,North West,region,2022-06-17,26603
E12000002,North West,region,2022-06-16,26602
E12000002,North West,region,2022-06-15,26594
E12000002,North West,region,2022-06-14,26592
E12000002,North West,region,2022-06-13,26588
E12000002,North West,region,2022-06-12,26583
E12000002,North West,region,2022-06-11,26576
E12000002,North West,region,2022-06-10,26571
E12000002,North West,region,2022-06-09,26566
E12000002,North West,region,2022-06-08,26565
E12000002,North West,region,2022-06-07,26559
E12000002,North West,region,2022-06-06,26554
E12000002,North West,region,2022-06-05,26553
E12000002,North West,region,2022-06-04,26552
E12000002,North West,region,2022-06-03,26548
E12000002,North West,region,2022-06-02,26547
E12000002,North West,region,2022-06-01,26543
E12000002,North West,region,2022-05-31,26539
E12000002,North West,region,2022-05-30,26529
E12000002,North West,region,2022-05-29,26524
E12000002,North West,region,2022-05-28,26519
E12000002,North West,region,2022-05-27,26516
E12000002,North West,region,2022-05-26,26511
E12000002,North West,region,2022-05-25,26505
E12000002,North West,region,2022-05-24,26502
E12000002,North West,region,2022-05-23,26497
E12000002,North West,region,2022-05-22,26485
E12000002,North West,region,2022-05-21,26484
E12000002,North West,region,2022-05-20,26482
E12000002,North West,region,2022-05-19,26472
E12000002,North West,region,2022-05-18,26470
E12000002,North West,region,2022-05-17,26464
E12000002,North West,region,2022-05-16,26461
E12000002,North West,region,2022-05-15,26454
E12000002,North West,region,2022-05-14,26442
E12000002,North West,region,2022-05-13,26433
E12000002,North West,region,2022-05-12,26427
E12000002,North West,region,2022-05-11,26421
E12000002,North West,region,2022-05-10,26415
E12000002,North West,region,2022-05-09,26404
E12000002,North West,region,2022-05-08,26394
E12000002,North West,region,2022-05-07,26384
E12000002,North West,region,2022-05-06,26377
E12000002,North West,region,2022-05-05,26356
E12000002,North West,region,2022-05-04,26346
E12000002,North West,region,2022-05-03,26339
E12000002,North West,region,2022-05-02,26324
E12000002,North West,region,2022-05-01,26309
E12000002,North West,region,2022-04-30,26286
E12000002,North West,region,2022-04-29,26273
E12000002,North West,region,2022-04-28,26261
E12000002,North West,region,2022-04-27,26244
E12000002,North West,region,2022-04-26,26225
E12000002,North West,region,2022-04-25,26210
E12000002,North West,region,2022-04-24,26198
E12000002,North West,region,2022-04-23,26183
E12000002,North West,region,2022-04-22,26168
E12000002,North West,region,2022-04-21,26152
E12000002,North West,region,2022-04-20,26140
E12000002,North West,region,2022-04-19,26118
E12000002,North West,region,2022-04-18,26097
E12000002,North West,region,2022-04-17,26080
E12000002,North West,region,2022-04-16,26065
E12000002,North West,region,2022-04-15,26040
E12000002,North West,region,2022-04-14,26024
E12000002,North West,region,2022-04-13,26001
E12000002,North West,region,2022-04-12,25974
E12000002,North West,region,2022-04-11,25954
E12000002,North West,region,2022-04-10,25941
E12000002,North West,region,2022-04-09,25924
E12000002,North West,region,2022-04-08,25908
E12000002,North West,region,2022-04-07,25881
E12000002,North West,region,2022-04-06,25858
E12000002,North West,region,2022-04-05,25838
E12000002,North West,region,2022-04-04,25818
E12000002,North West,region,2022-04-03,25799
E12000002,North West,region,2022-04-02,25778
E12000002,North West,region,2022-04-01,25757
E12000002,North West,region,2022-03-31,25736
E12000002,North West,region,2022-03-30,25719
E12000002,North West,region,2022-03-29,25702
E12000002,North West,region,2022-03-28,25675
E12000002,North West,region,2022-03-27,25652
E12000002,North West,region,2022-03-26,25638
E12000002,North West,region,2022-03-25,25624
E12000002,North West,region,2022-03-24,25600
E12000002,North West,region,2022-03-23,25587
E12000002,North West,region,2022-03-22,25573
E12000002,North West,region,2022-03-21,25554
E12000002,North West,region,2022-03-20,25533
E12000002,North West,region,2022-03-19,25521
E12000002,North West,region,2022-03-18,25501
E12000002,North West,region,2022-03-17,25488
E12000002,North West,region,2022-03-16,25477
E12000002,North West,region,2022-03-15,25458
E12000002,North West,region,2022-03-14,25448
E12000002,North West,region,2022-03-13,25434
E12000002,North West,region,2022-03-12,25426
E12000002,North West,region,2022-03-11,25421
E12000002,North West,region,2022-03-10,25412
E12000002,North West,region,2022-03-09,25403
E12000002,North West,region,2022-03-08,25391
E12000002,North West,region,2022-03-07,25382
E12000002,North West,region,2022-03-06,25361
E12000002,North West,region,2022-03-05,25355
E12000002,North West,region,2022-03-04,25349
E12000002,North West,region,2022-03-03,25339
E12000002,North West,region,2022-03-02,25326
E12000002,North West,region,2022-03-01,25315
E12000002,North West,region,2022-02-28,25299
E12000002,North West,region,2022-02-27,25280
E12000002,North West,region,2022-02-26,25273
E12000002,North West,region,2022-02-25,25264
E12000002,North West,region,2022-02-24,25258
E12000002,North West,region,2022-02-23,25242
E12000002,North West,region,2022-02-22,25226
E12000002,North West,region,2022-02-21,25219
E12000002,North West,region,2022-02-20,25208
E12000002,North West,region,2022-02-19,25197
E12000002,North West,region,2022-02-18,25186
E12000002,North West,region,2022-02-17,25173
E12000002,North West,region,2022-02-16,25157
E12000002,North West,region,2022-02-15,25142
E12000002,North West,region,2022-02-14,25129
E12000002,North West,region,2022-02-13,25117
E12000002,North West,region,2022-02-12,25099
E12000002,North West,region,2022-02-11,25086
E12000002,North West,region,2022-02-10,25070
E12000002,North West,region,2022-02-09,25061
E12000002,North West,region,2022-02-08,25048
E12000002,North West,region,2022-02-07,25029
E12000002,North West,region,2022-02-06,25011
E12000002,North West,region,2022-02-05,24989
E12000002,North West,region,2022-02-04,24957
E12000002,North West,region,2022-02-03,24945
E12000002,North West,region,2022-02-02,24917
E12000002,North West,region,2022-02-01,24900
E12000002,North West,region,2022-01-31,24869
E12000002,North West,region,2022-01-30,24848
E12000002,North West,region,2022-01-29,24820
E12000002,North West,region,2022-01-28,24791
E12000002,North West,region,2022-01-27,24765
E12000002,North West,region,2022-01-26,24731
E12000002,North West,region,2022-01-25,24710
E12000002,North West,region,2022-01-24,24688
E12000002,North West,region,2022-01-23,24651
E12000002,North West,region,2022-01-22,24619
E12000002,North West,region,2022-01-21,24586
E12000002,North West,region,2022-01-20,24552
E12000002,North West,region,2022-01-19,24528
E12000002,North West,region,2022-01-18,24500
E12000002,North West,region,2022-01-17,24467
E12000002,North West,region,2022-01-16,24434
E12000002,North West,region,2022-01-15,24397
E12000002,North West,region,2022-01-14,24361
E12000002,North West,region,2022-01-13,24326
E12000002,North West,region,2022-01-12,24295
E12000002,North West,region,2022-01-11,24262
E12000002,North West,region,2022-01-10,24233
E12000002,North West,region,2022-01-09,24203
E12000002,North West,region,2022-01-08,24164
E12000002,North West,region,2022-01-07,24123
E12000002,North West,region,2022-01-06,24083
E12000002,North West,region,2022-01-05,24042
E12000002,North West,region,2022-01-04,24011
E12000002,North West,region,2022-01-03,23985
E12000002,North West,region,2022-01-02,23961
E12000002,North West,region,2022-01-01,23942
E12000002,North West,region,2021-12-31,23914
E12000002,North West,region,2021-12-30,23890
E12000002,North West,region,2021-12-29,23863
E12000002,North West,region,2021-12-28,23849
E12000002,North West,region,2021-12-27,23829
E12000002,North West,region,2021-12-26,23815
E12000002,North West,region,2021-12-25,23803
E12000002,North West,region,2021-12-24,23791
E12000002,North West,region,2021-12-23,23777
E12000002,North West,region,2021-12-22,23757
E12000002,North West,region,2021-12-21,23740
E12000002,North West,region,2021-12-20,23730
E12000002,North West,region,2021-12-19,23708
E12000002,North West,region,2021-12-18,23692
E12000002,North West,region,2021-12-17,23682
E12000002,North West,region,2021-12-16,23669
E12000002,North West,region,2021-12-15,23654
E12000002,North West,region,2021-12-14,23634
E12000002,North West,region,2021-12-13,23613
E12000002,North West,region,2021-12-12,23599
E12000002,North West,region,2021-12-11,23580
E12000002,North West,region,2021-12-10,23570
E12000002,North West,region,2021-12-09,23555
E12000002,North West,region,2021-12-08,23542
E12000002,North West,region,2021-12-07,23524
E12000002,North West,region,2021-12-06,23506
E12000002,North West,region,2021-12-05,23494
E12000002,North West,region,2021-12-04,23482
E12000002,North West,region,2021-12-03,23460
E12000002,North West,region,2021-12-02,23446
E12000002,North West,region,2021-12-01,23435
E12000002,North West,region,2021-11-30,23423
E12000002,North West,region,2021-11-29,23407
E12000002,North West,region,2021-11-28,23393
E12000002,North West,region,2021-11-27,23374
E12000002,North West,region,2021-11-26,23355
E12000002,North West,region,2021-11-25,23339
E12000002,North West,region,2021-11-24,23323
E12000002,North West,region,2021-11-23,23313
E12000002,North West,region,2021-11-22,23298
E12000002,North West,region,2021-11-21,23287
E12000002,North West,region,2021-11-20,23279
E12000002,North West,region,2021-11-19,23262
E12000002,North West,region,2021-11-18,23249
E12000002,North West,region,2021-11-17,23229
E12000002,North West,region,2021-11-16,23207
E12000002,North West,region,2021-11-15,23178
E12000002,North West,region,2021-11-14,23147
E12000002,North West,region,2021-11-13,23133
E12000002,North West,region,2021-11-12,23112
E12000002,North West,region,2021-11-11,23096
E12000002,North West,region,2021-11-10,23078
E12000002,North West,region,2021-11-09,23053
E12000002,North West,region,2021-11-08,23036
E12000002,North West,region,2021-11-07,23013
E12000002,North West,region,2021-11-06,22999
E12000002,North West,region,2021-11-05,22970
E12000002,North West,region,2021-11-04,22961
E12000002,North West,region,2021-11-03,22934
E12000002,North West,region,2021-11-02,22903
E12000002,North West,region,2021-11-01,22893
E12000002,North West,region,2021-10-31,22874
E12000002,North West,region,2021-10-30,22848
E12000002,North West,region,2021-10-29,22829
E12000002,North West,region,2021-10-28,22811
E12000002,North West,region,2021-10-27,22782
E12000002,North West,region,2021-10-26,22765
E12000002,North West,region,2021-10-25,22744
E12000002,North West,region,2021-10-24,22722
E12000002,North West,region,2021-10-23,22702
E12000002,North West,region,2021-10-22,22685
E12000002,North West,region,2021-10-21,22665
E12000002,North West,region,2021-10-20,22640
E12000002,North West,region,2021-10-19,22618
E12000002,North West,region,2021-10-18,22604
E12000002,North West,region,2021-10-17,22582
E12000002,North West,region,2021-10-16,22564
E12000002,North West,region,2021-10-15,22544
E12000002,North West,region,2021-10-14,22525
E12000002,North West,region,2021-10-13,22509
E12000002,North West,region,2021-10-12,22493
E12000002,North West,region,2021-10-11,22478
E12000002,North West,region,2021-10-10,22461
E12000002,North West,region,2021-10-09,22446
E12000002,North West,region,2021-10-08,22426
E12000002,North West,region,2021-10-07,22418
E12000002,North West,region,2021-10-06,22399
E12000002,North West,region,2021-10-05,22383
E12000002,North West,region,2021-10-04,22368
E12000002,North West,region,2021-10-03,22355
E12000002,North West,region,2021-10-02,22339
E12000002,North West,region,2021-10-01,22327
E12000002,North West,region,2021-09-30,22310
E12000002,North West,region,2021-09-29,22297
E12000002,North West,region,2021-09-28,22287
E12000002,North West,region,2021-09-27,22274
E12000002,North West,region,2021-09-26,22266
E12000002,North West,region,2021-09-25,22258
E12000002,North West,region,2021-09-24,22240
E12000002,North West,region,2021-09-23,22228
E12000002,North West,region,2021-09-22,22204
E12000002,North West,region,2021-09-21,22189
E12000002,North West,region,2021-09-20,22174
E12000002,North West,region,2021-09-19,22159
E12000002,North West,region,2021-09-18,22144
E12000002,North West,region,2021-09-17,22125
E12000002,North West,region,2021-09-16,22103
E12000002,North West,region,2021-09-15,22080
E12000002,North West,region,2021-09-14,22058
E12000002,North West,region,2021-09-13,22035
E12000002,North West,region,2021-09-12,22023
E12000002,North West,region,2021-09-11,22010
E12000002,North West,region,2021-09-10,21989
E12000002,North West,region,2021-09-09,21969
E12000002,North West,region,2021-09-08,21945
E12000002,North West,region,2021-09-07,21925
E12000002,North West,region,2021-09-06,21901
E12000002,North West,region,2021-09-05,21885
E12000002,North West,region,2021-09-04,21868
E12000002,North West,region,2021-09-03,21853
E12000002,North West,region,2021-09-02,21836
E12000002,North West,region,2021-09-01,21822
E12000002,North West,region,2021-08-31,21807
E12000002,North West,region,2021-08-30,21792
E12000002,North West,region,2021-08-29,21780
E12000002,North West,region,2021-08-28,21765
E12000002,North West,region,2021-08-27,21749
E12000002,North West,region,2021-08-26,21733
E12000002,North West,region,2021-08-25,21716
E12000002,North West,region,2021-08-24,21705
E12000002,North West,region,2021-08-23,21681
E12000002,North West,region,2021-08-22,21665
E12000002,North West,region,2021-08-21,21655
E12000002,North West,region,2021-08-20,21638
E12000002,North West,region,2021-08-19,21620
E12000002,North West,region,2021-08-18,21607
E12000002,North West,region,2021-08-17,21598
E12000002,North West,region,2021-08-16,21587
E12000002,North West,region,2021-08-15,21573
E12000002,North West,region,2021-08-14,21563
E12000002,North West,region,2021-08-13,21548
E12000002,North West,region,2021-08-12,21537
E12000002,North West,region,2021-08-11,21523
E12000002,North West,region,2021-08-10,21504
E12000002,North West,region,2021-08-09,21488
E12000002,North West,region,2021-08-08,21469
E12000002,North West,region,2021-08-07,21456
E12000002,North West,region,2021-08-06,21439
E12000002,North West,region,2021-08-05,21427
E12000002,North West,region,2021-08-04,21411
E12000002,North West,region,2021-08-03,21395
E12000002,North West,region,2021-08-02,21385
E12000002,North West,region,2021-08-01,21367
E12000002,North West,region,2021-07-31,21352
E12000002,North West,region,2021-07-30,21342
E12000002,North West,region,2021-07-29,21321
E12000002,North West,region,2021-07-28,21300
E12000002,North West,region,2021-07-27,21288
E12000002,North West,region,2021-07-26,21272
E12000002,North West,region,2021-07-25,21252
E12000002,North West,region,2021-07-24,21240
E12000002,North West,region,2021-07-23,21233
E12000002,North West,region,2021-07-22,21219
E12000002,North West,region,2021-07-21,21190
E12000002,North West,region,2021-07-20,21179
E12000002,North West,region,2021-07-19,21166
E12000002,North West,region,2021-07-18,21149
E12000002,North West,region,2021-07-17,21133
E12000002,North West,region,2021-07-16,21123
E12000002,North West,region,2021-07-15,21105
E12000002,North West,region,2021-07-14,21090
E12000002,North West,region,2021-07-13,21079
E12000002,North West,region,2021-07-12,21061
E12000002,North West,region,2021-07-11,21052
E12000002,North West,region,2021-07-10,21039
E12000002,North West,region,2021-07-09,21028
E12000002,North West,region,2021-07-08,21015
E12000002,North West,region,2021-07-07,21003
E12000002,North West,region,2021-07-06,20995
E12000002,North West,region,2021-07-05,20990
E12000002,North West,region,2021-07-04,20984
E12000002,North West,region,2021-07-03,20971
E12000002,North West,region,2021-07-02,20965
E12000002,North West,region,2021-07-01,20951
E12000002,North West,region,2021-06-30,20945
E12000002,North West,region,2021-06-29,20937
E12000002,North West,region,2021-06-28,20929
E12000002,North West,region,2021-06-27,20922
E12000002,North West,region,2021-06-26,20916
E12000002,North West,region,2021-06-25,20912
E12000002,North West,region,2021-06-24,20906
E12000002,North West,region,2021-06-23,20896
E12000002,North West,region,2021-06-22,20892
E12000002,North West,region,2021-06-21,20887
E12000002,North West,region,2021-06-20,20875
E12000002,North West,region,2021-06-19,20863
E12000002,North West,region,2021-06-18,20856
E12000002,North West,region,2021-06-17,20850
E12000002,North West,region,2021-06-16,20849
E12000002,North West,region,2021-06-15,20845
E12000002,North West,region,2021-06-14,20839
E12000002,North West,region,2021-06-13,20834
E12000002,North West,region,2021-06-12,20834
E12000002,North West,region,2021-06-11,20832
E12000002,North West,region,2021-06-10,20829
E12000002,North West,region,2021-06-09,20826
E12000002,North West,region,2021-06-08,20824
E12000002,North West,region,2021-06-07,20822
E12000002,North West,region,2021-06-06,20820
E12000002,North West,region,2021-06-05,20819
E12000002,North West,region,2021-06-04,20818
E12000002,North West,region,2021-06-03,20817
E12000002,North West,region,2021-06-02,20812
E12000002,North West,region,2021-06-01,20810
E12000002,North West,region,2021-05-31,20806
E12000002,North West,region,2021-05-30,20804
E12000002,North West,region,2021-05-29,20802
E12000002,North West,region,2021-05-28,20798
E12000002,North West,region,2021-05-27,20794
E12000002,North West,region,2021-05-26,20792
E12000002,North West,region,2021-05-25,20790
E12000002,North West,region,2021-05-24,20789
E12000002,North West,region,2021-05-23,20787
E12000002,North West,region,2021-05-22,20782
E12000002,North West,region,2021-05-21,20782
E12000002,North West,region,2021-05-20,20778
E12000002,North West,region,2021-05-19,20777
E12000002,North West,region,2021-05-18,20777
E12000002,North West,region,2021-05-17,20776
E12000002,North West,region,2021-05-16,20775
E12000002,North West,region,2021-05-15,20774
E12000002,North West,region,2021-05-14,20771
E12000002,North West,region,2021-05-13,20771
E12000002,North West,region,2021-05-12,20769
E12000002,North West,region,2021-05-11,20768
E12000002,North West,region,2021-05-10,20763
E12000002,North West,region,2021-05-09,20762
E12000002,North West,region,2021-05-08,20760
E12000002,North West,region,2021-05-07,20760
E12000002,North West,region,2021-05-06,20758
E12000002,North West,region,2021-05-05,20756
E12000002,North West,region,2021-05-04,20752
E12000002,North West,region,2021-05-03,20751
E12000002,North West,region,2021-05-02,20749
E12000002,North West,region,2021-05-01,20747
E12000002,North West,region,2021-04-30,20746
E12000002,North West,region,2021-04-29,20746
E12000002,North West,region,2021-04-28,20742
E12000002,North West,region,2021-04-27,20740
E12000002,North West,region,2021-04-26,20735
E12000002,North West,region,2021-04-25,20732
E12000002,North West,region,2021-04-24,20731
E12000002,North West,region,2021-04-23,20726
E12000002,North West,region,2021-04-22,20725
E12000002,North West,region,2021-04-21,20720
E12000002,North West,region,2021-04-20,20716
E12000002,North West,region,2021-04-19,20711
E12000002,North West,region,2021-04-18,20710
E12000002,North West,region,2021-04-17,20707
E12000002,North West,region,2021-04-16,20704
E12000002,North West,region,2021-04-15,20702
E12000002,North West,region,2021-04-14,20697
E12000002,North West,region,2021-04-13,20689
E12000002,North West,region,2021-04-12,20683
E12000002,North West,region,2021-04-11,20676
E12000002,North West,region,2021-04-10,20671
E12000002,North West,region,2021-04-09,20667
E12000002,North West,region,2021-04-08,20660
E12000002,North West,region,2021-04-07,20656
E12000002,North West,region,2021-04-06,20651
E12000002,North West,region,2021-04-05,20647
E12000002,North West,region,2021-04-04,20643
E12000002,North West,region,2021-04-03,20631
E12000002,North West,region,2021-04-02,20629
E12000002,North West,region,2021-04-01,20622
E12000002,North West,region,2021-03-31,20611
E12000002,North West,region,2021-03-30,20602
E12000002,North West,region,2021-03-29,20595
E12000002,North West,region,2021-03-28,20587
E12000002,North West,region,2021-03-27,20575
E12000002,North West,region,2021-03-26,20569
E12000002,North West,region,2021-03-25,20559
E12000002,North West,region,2021-03-24,20545
E12000002,North West,region,2021-03-23,20535
E12000002,North West,region,2021-03-22,20522
E12000002,North West,region,2021-03-21,20508
E12000002,North West,region,2021-03-20,20495
E12000002,North West,region,2021-03-19,20475
E12000002,North West,region,2021-03-18,20460
E12000002,North West,region,2021-03-17,20447
E12000002,North West,region,2021-03-16,20433
E12000002,North West,region,2021-03-15,20416
E12000002,North West,region,2021-03-14,20395
E12000002,North West,region,2021-03-13,20366
E12000002,North West,region,2021-03-12,20353
E12000002,North West,region,2021-03-11,20338
E12000002,North West,region,2021-03-10,20317
E12000002,North West,region,2021-03-09,20297
E12000002,North West,region,2021-03-08,20277
E12000002,North West,region,2021-03-07,20257
E12000002,North West,region,2021-03-06,20228
E12000002,North West,region,2021-03-05,20199
E12000002,North West,region,2021-03-04,20164
E12000002,North West,region,2021-03-03,20135
E12000002,North West,region,2021-03-02,20110
E12000002,North West,region,2021-03-01,20082
E12000002,North West,region,2021-02-28,20049
E12000002,North West,region,2021-02-27,20006
E12000002,North West,region,2021-02-26,19970
E12000002,North West,region,2021-02-25,19922
E12000002,North West,region,2021-02-24,19884
E12000002,North West,region,2021-02-23,19834
E12000002,North West,region,2021-02-22,19785
E12000002,North West,region,2021-02-21,19735
E12000002,North West,region,2021-02-20,19678
E12000002,North West,region,2021-02-19,19634
E12000002,North West,region,2021-02-18,19583
E12000002,North West,region,2021-02-17,19508
E12000002,North West,region,2021-02-16,19442
E12000002,North West,region,2021-02-15,19361
E12000002,North West,region,2021-02-14,19290
E12000002,North West,region,2021-02-13,19216
E12000002,North West,region,2021-02-12,19127
E12000002,North West,region,2021-02-11,19037
E12000002,North West,region,2021-02-10,18944
E12000002,North West,region,2021-02-09,18838
E12000002,North West,region,2021-02-08,18740
E12000002,North West,region,2021-02-07,18636
E12000002,North West,region,2021-02-06,18548
E12000002,North West,region,2021-02-05,18469
E12000002,North West,region,2021-02-04,18356
E12000002,North West,region,2021-02-03,18241
E12000002,North West,region,2021-02-02,18118
E12000002,North West,region,2021-02-01,18005
E12000002,North West,region,2021-01-31,17868
E12000002,North West,region,2021-01-30,17736
E12000002,North West,region,2021-01-29,17626
E12000002,North West,region,2021-01-28,17488
E12000002,North West,region,2021-01-27,17339
E12000002,North West,region,2021-01-26,17193
E12000002,North West,region,2021-01-25,17061
E12000002,North West,region,2021-01-24,16922
E12000002,North West,region,2021-01-23,16798
E12000002,North West,region,2021-01-22,16653
E12000002,North West,region,2021-01-21,16509
E12000002,North West,region,2021-01-20,16384
E12000002,North West,region,2021-01-19,16244
E12000002,North West,region,2021-01-18,16089
E12000002,North West,region,2021-01-17,15955
E12000002,North West,region,2021-01-16,15826
E12000002,North West,region,2021-01-15,15708
E12000002,North West,region,2021-01-14,15587
E12000002,North West,region,2021-01-13,15457
E12000002,North West,region,2021-01-12,15321
E12000002,North West,region,2021-01-11,15221
E12000002,North West,region,2021-01-10,15108
E12000002,North West,region,2021-01-09,15005
E12000002,North West,region,2021-01-08,14899
E12000002,North West,region,2021-01-07,14805
E12000002,North West,region,2021-01-06,14719
E12000002,North West,region,2021-01-05,14618
E12000002,North West,region,2021-01-04,14530
E12000002,North West,region,2021-01-03,14461
E12000002,North West,region,2021-01-02,14388
E12000002,North West,region,2021-01-01,14318
E12000002,North West,region,2020-12-31,14251
E12000002,North West,region,2020-12-30,14173
E12000002,North West,region,2020-12-29,14120
E12000002,North West,region,2020-12-28,14054
E12000002,North West,region,2020-12-27,13978
E12000002,North West,region,2020-12-26,13917
E12000002,North West,region,2020-12-25,13848
E12000002,North West,region,2020-12-24,13786
E12000002,North West,region,2020-12-23,13712
E12000002,North West,region,2020-12-22,13647
E12000002,North West,region,2020-12-21,13594
E12000002,North West,region,2020-12-20,13532
E12000002,North West,region,2020-12-19,13483
E12000002,North West,region,2020-12-18,13423
E12000002,North West,region,2020-12-17,13366
E12000002,North West,region,2020-12-16,13321
E12000002,North West,region,2020-12-15,13267
E12000002,North West,region,2020-12-14,13215
E12000002,North West,region,2020-12-13,13145
E12000002,North West,region,2020-12-12,13094
E12000002,North West,region,2020-12-11,13025
E12000002,North West,region,2020-12-10,12978
E12000002,North West,region,2020-12-09,12918
E12000002,North West,region,2020-12-08,12864
E12000002,North West,region,2020-12-07,12798
E12000002,North West,region,2020-12-06,12735
E12000002,North West,region,2020-12-05,12676
E12000002,North West,region,2020-12-04,12623
E12000002,North West,region,2020-12-03,12558
E12000002,North West,region,2020-12-02,12488
E12000002,North West,region,2020-12-01,12433
E12000002,North West,region,2020-11-30,12362
E12000002,North West,region,2020-11-29,12297
E12000002,North West,region,2020-11-28,12232
E12000002,North West,region,2020-11-27,12168
E12000002,North West,region,2020-11-26,12100
E12000002,North West,region,2020-11-25,12042
E12000002,North West,region,2020-11-24,11953
E12000002,North West,region,2020-11-23,11872
E12000002,North West,region,2020-11-22,11794
E12000002,North West,region,2020-11-21,11721
E12000002,North West,region,2020-11-20,11634
E12000002,North West,region,2020-11-19,11558
E12000002,North West,region,2020-11-18,11477
E12000002,North West,region,2020-11-17,11376
E12000002,North West,region,2020-11-16,11292
E12000002,North West,region,2020-11-15,11212
E12000002,North West,region,2020-11-14,11121
E12000002,North West,region,2020-11-13,11038
E12000002,North West,region,2020-11-12,10937
E12000002,North West,region,2020-11-11,10844
E12000002,North West,region,2020-11-10,10757
E12000002,North West,region,2020-11-09,10672
E12000002,North West,region,2020-11-08,10586
E12000002,North West,region,2020-11-07,10492
E12000002,North West,region,2020-11-06,10399
E12000002,North West,region,2020-11-05,10301
E12000002,North West,region,2020-11-04,10221
E12000002,North West,region,2020-11-03,10136
E12000002,North West,region,2020-11-02,10040
E12000002,North West,region,2020-11-01,9962
E12000002,North West,region,2020-10-31,9879
E12000002,North West,region,2020-10-30,9795
E12000002,North West,region,2020-10-29,9698
E12000002,North West,region,2020-10-28,9610
E12000002,North West,region,2020-10-27,9537
E12000002,North West,region,2020-10-26,9465
E12000002,North West,region,2020-10-25,9396
E12000002,North West,region,2020-10-24,9321
E12000002,North West,region,2020-10-23,9264
E12000002,North West,region,2020-10-22,9203
E12000002,North West,region,2020-10-21,9148
E12000002,North West,region,2020-10-20,9081
E12000002,North West,region,2020-10-19,9024
E12000002,North West,region,2020-10-18,8973
E12000002,North West,region,2020-10-17,8922
E12000002,North West,region,2020-10-16,8862
E12000002,North West,region,2020-10-15,8811
E12000002,North West,region,2020-10-14,8770
E12000002,North West,region,2020-10-13,8734
E12000002,North West,region,2020-10-12,8702
E12000002,North West,region,2020-10-11,8662
E12000002,North West,region,2020-10-10,8624
E12000002,North West,region,2020-10-09,8588
E12000002,North West,region,2020-10-08,8554
E12000002,North West,region,2020-10-07,8529
E12000002,North West,region,2020-10-06,8499
E12000002,North West,region,2020-10-05,8472
E12000002,North West,region,2020-10-04,8450
E12000002,North West,region,2020-10-03,8431
E12000002,North West,region,2020-10-02,8409
E12000002,North West,region,2020-10-01,8383
E12000002,North West,region,2020-09-30,8363
E12000002,North West,region,2020-09-29,8339
E12000002,North West,region,2020-09-28,8327
E12000002,North West,region,2020-09-27,8310
E12000002,North West,region,2020-09-26,8295
E12000002,North West,region,2020-09-25,8276
E12000002,North West,region,2020-09-24,8265
E12000002,North West,region,2020-09-23,8252
E12000002,North West,region,2020-09-22,8233
E12000002,North West,region,2020-09-21,8220
E12000002,North West,region,2020-09-20,8217
E12000002,North West,region,2020-09-19,8210
E12000002,North West,region,2020-09-18,8206
E12000002,North West,region,2020-09-17,8199
E12000002,North West,region,2020-09-16,8188
E12000002,North West,region,2020-09-15,8180
E12000002,North West,region,2020-09-14,8174
E12000002,North West,region,2020-09-13,8166
E12000002,North West,region,2020-09-12,8163
E12000002,North West,region,2020-09-11,8157
E12000002,North West,region,2020-09-10,8155
E12000002,North West,region,2020-09-09,8151
E12000002,North West,region,2020-09-08,8146
E12000002,North West,region,2020-09-07,8141
E12000002,North West,region,2020-09-06,8130
E12000002,North West,region,2020-09-05,8127
E12000002,North West,region,2020-09-04,8120
E12000002,North West,region,2020-09-03,8119
E12000002,North West,region,2020-09-02,8117
E12000002,North West,region,2020-09-01,8114
E12000002,North West,region,2020-08-31,8113
E12000002,North West,region,2020-08-30,8109
E12000002,North West,region,2020-08-29,8107
E12000002,North West,region,2020-08-28,8106
E12000002,North West,region,2020-08-27,8103
E12000002,North West,region,2020-08-26,8101
E12000002,North West,region,2020-08-25,8098
E12000002,North West,region,2020-08-24,8092
E12000002,North West,region,2020-08-23,8087
E12000002,North West,region,2020-08-22,8078
E12000002,North West,region,2020-08-21,8074
E12000002,North West,region,2020-08-20,8070
E12000002,North West,region,2020-08-19,8067
E12000002,North West,region,2020-08-18,8065
E12000002,North West,region,2020-08-17,8063
E12000002,North West,region,2020-08-16,8058
E12000002,North West,region,2020-08-15,8054
E12000002,North West,region,2020-08-14,8044
E12000002,North West,region,2020-08-13,8039
E12000002,North West,region,2020-08-12,8036
E12000002,North West,region,2020-08-11,8031
E12000002,North West,region,2020-08-10,8026
E12000002,North West,region,2020-08-09,8024
E12000002,North West,region,2020-08-08,8019
E12000002,North West,region,2020-08-07,8014
E12000002,North West,region,2020-08-06,8008
E12000002,North West,region,2020-08-05,8003
E12000002,North West,region,2020-08-04,8002
E12000002,North West,region,2020-08-03,7996
E12000002,North West,region,2020-08-02,7984
E12000002,North West,region,2020-08-01,7980
E12000002,North West,region,2020-07-31,7978
E12000002,North West,region,2020-07-30,7974
E12000002,North West,region,2020-07-29,7970
E12000002,North West,region,2020-07-28,7966
E12000002,North West,region,2020-07-27,7962
E12000002,North West,region,2020-07-26,7959
E12000002,North West,region,2020-07-25,7953
E12000002,North West,region,2020-07-24,7948
E12000002,North West,region,2020-07-23,7945
E12000002,North West,region,2020-07-22,7940
E12000002,North West,region,2020-07-21,7930
E12000002,North West,region,2020-07-20,7926
E12000002,North West,region,2020-07-19,7921
E12000002,North West,region,2020-07-18,7916
E12000002,North West,region,2020-07-17,7909
E12000002,North West,region,2020-07-16,7899
E12000002,North West,region,2020-07-15,7893
E12000002,North West,region,2020-07-14,7885
E12000002,North West,region,2020-07-13,7881
E12000002,North West,region,2020-07-12,7874
E12000002,North West,region,2020-07-11,7869
E12000002,North West,region,2020-07-10,7862
E12000002,North West,region,2020-07-09,7855
E12000002,North West,region,2020-07-08,7841
E12000002,North West,region,2020-07-07,7835
E12000002,North West,region,2020-07-06,7826
E12000002,North West,region,2020-07-05,7813
E12000002,North West,region,2020-07-04,7806
E12000002,North West,region,2020-07-03,7799
E12000002,North West,region,2020-07-02,7790
E12000002,North West,region,2020-07-01,7780
E12000002,North West,region,2020-06-30,7773
E12000002,North West,region,2020-06-29,7761
E12000002,North West,region,2020-06-28,7747
E12000002,North West,region,2020-06-27,7731
E12000002,North West,region,2020-06-26,7721
E12000002,North West,region,2020-06-25,7709
E12000002,North West,region,2020-06-24,7692
E12000002,North West,region,2020-06-23,7674
E12000002,North West,region,2020-06-22,7648
E12000002,North West,region,2020-06-21,7631
E12000002,North West,region,2020-06-20,7622
E12000002,North West,region,2020-06-19,7608
E12000002,North West,region,2020-06-18,7590
E12000002,North West,region,2020-06-17,7574
E12000002,North West,region,2020-06-16,7552
E12000002,North West,region,2020-06-15,7528
E12000002,North West,region,2020-06-14,7509
E12000002,North West,region,2020-06-13,7488
E12000002,North West,region,2020-06-12,7471
E12000002,North West,region,2020-06-11,7448
E12000002,North West,region,2020-06-10,7426
E12000002,North West,region,2020-06-09,7396
E12000002,North West,region,2020-06-08,7377
E12000002,North West,region,2020-06-07,7344
E12000002,North West,region,2020-06-06,7314
E12000002,North West,region,2020-06-05,7283
E12000002,North West,region,2020-06-04,7253
E12000002,North West,region,2020-06-03,7220
E12000002,North West,region,2020-06-02,7183
E12000002,North West,region,2020-06-01,7147
E12000002,North West,region,2020-05-31,7117
E12000002,North West,region,2020-05-30,7092
E12000002,North West,region,2020-05-29,7060
E12000002,North West,region,2020-05-28,7025
E12000002,North West,region,2020-05-27,6977
E12000002,North West,region,2020-05-26,6936
E12000002,North West,region,2020-05-25,6894
E12000002,North West,region,2020-05-24,6850
E12000002,North West,region,2020-05-23,6806
E12000002,North West,region,2020-05-22,6756
E12000002,North West,region,2020-05-21,6718
E12000002,North West,region,2020-05-20,6663
E12000002,North West,region,2020-05-19,6611
E12000002,North West,region,2020-05-18,6547
E12000002,North West,region,2020-05-17,6497
E12000002,North West,region,2020-05-16,6452
E12000002,North West,region,2020-05-15,6390
E12000002,North West,region,2020-05-14,6318
E12000002,North West,region,2020-05-13,6262
E12000002,North West,region,2020-05-12,6204
E12000002,North West,region,2020-05-11,6132
E12000002,North West,region,2020-05-10,6068
E12000002,North West,region,2020-05-09,5977
E12000002,North West,region,2020-05-08,5910
E12000002,North West,region,2020-05-07,5818
E12000002,North West,region,2020-05-06,5721
E12000002,North West,region,2020-05-05,5628
E12000002,North West,region,2020-05-04,5539
E12000002,North West,region,2020-05-03,5442
E12000002,North West,region,2020-05-02,5342
E12000002,North West,region,2020-05-01,5243
E12000002,North West,region,2020-04-30,5147
E12000002,North West,region,2020-04-29,5036
E12000002,North West,region,2020-04-28,4917
E12000002,North West,region,2020-04-27,4804
E12000002,North West,region,2020-04-26,4684
E12000002,North West,region,2020-04-25,4568
E12000002,North West,region,2020-04-24,4448
E12000002,North West,region,2020-04-23,4295
E12000002,North West,region,2020-04-22,4140
E12000002,North West,region,2020-04-21,3967
E12000002,North West,region,2020-04-20,3828
E12000002,North West,region,2020-04-19,3670
E12000002,North West,region,2020-04-18,3540
E12000002,North West,region,2020-04-17,3340
E12000002,North West,region,2020-04-16,3179
E12000002,North West,region,2020-04-15,2965
E12000002,North West,region,2020-04-14,2775
E12000002,North West,region,2020-04-13,2580
E12000002,North West,region,2020-04-12,2392
E12000002,North West,region,2020-04-11,2186
E12000002,North West,region,2020-04-10,1986
E12000002,North West,region,2020-04-09,1819
E12000002,North West,region,2020-04-08,1653
E12000002,North West,region,2020-04-07,1476
E12000002,North West,region,2020-04-06,1284
E12000002,North West,region,2020-04-05,1143
E12000002,North West,region,2020-04-04,987
E12000002,North West,region,2020-04-03,863
E12000002,North West,region,2020-04-02,731
E12000002,North West,region,2020-04-01,597
E12000002,North West,region,2020-03-31,480
E12000002,North West,region,2020-03-30,399
E12000002,North West,region,2020-03-29,319
E12000002,North West,region,2020-03-28,257
E12000002,North West,region,2020-03-27,214
E12000002,North West,region,2020-03-26,171
E12000002,North West,region,2020-03-25,137
E12000002,North West,region,2020-03-24,115
E12000002,North West,region,2020-03-23,93
E12000002,North West,region,2020-03-22,73
E12000002,North West,region,2020-03-21,56
E12000002,North West,region,2020-03-20,43
E12000002,North West,region,2020-03-19,35
E12000002,North West,region,2020-03-18,26
E12000002,North West,region,2020-03-17,20
E12000002,North West,region,2020-03-16,14
E12000002,North West,region,2020-03-15,12
E12000002,North West,region,2020-03-14,8
E12000002,North West,region,2020-03-13,5
E12000002,North West,region,2020-03-12,2
E12000002,North West,region,2020-03-11,2
E12000002,North West,region,2020-03-10,1
E12000002,North West,region,2020-03-09,1
E12000002,North West,region,2020-03-08,1
E12000003,Yorkshire and The Humber,region,2022-12-02,18512
E12000003,Yorkshire and The Humber,region,2022-12-01,18508
E12000003,Yorkshire and The Humber,region,2022-11-30,18504
E12000003,Yorkshire and The Humber,region,2022-11-29,18503
E12000003,Yorkshire and The Humber,region,2022-11-28,18498
E12000003,Yorkshire and The Humber,region,2022-11-27,18497
E12000003,Yorkshire and The Humber,region,2022-11-26,18493
E12000003,Yorkshire and The Humber,region,2022-11-25,18488
E12000003,Yorkshire and The Humber,region,2022-11-24,18485
E12000003,Yorkshire and The Humber,region,2022-11-23,18481
E12000003,Yorkshire and The Humber,region,2022-11-22,18474
E12000003,Yorkshire and The Humber,region,2022-11-21,18474
E12000003,Yorkshire and The Humber,region,2022-11-20,18468
E12000003,Yorkshire and The Humber,region,2022-11-19,18465
E12000003,Yorkshire and The Humber,region,2022-11-18,18459
E12000003,Yorkshire and The Humber,region,2022-11-17,18456
E12000003,Yorkshire and The Humber,region,2022-11-16,18450
E12000003,Yorkshire and The Humber,region,2022-11-15,18447
E12000003,Yorkshire and The Humber,region,2022-11-14,18441
E12000003,Yorkshire and The Humber,region,2022-11-13,18438
E12000003,Yorkshire and The Humber,region,2022-11-12,18430
E12000003,Yorkshire and The Humber,region,2022-11-11,18426
E12000003,Yorkshire and The Humber,region,2022-11-10,18421
E12000003,Yorkshire and The Humber,region,2022-11-09,18415
E12000003,Yorkshire and The Humber,region,2022-11-08,18409
E12000003,Yorkshire and The Humber,region,2022-11-07,18403
E12000003,Yorkshire and The Humber,region,2022-11-06,18400
E12000003,Yorkshire and The Humber,region,2022-11-05,18393
E12000003,Yorkshire and The Humber,region,2022-11-04,18390
E12000003,Yorkshire and The Humber,region,2022-11-03,18384
E12000003,Yorkshire and The Humber,region,2022-11-02,18376
E12000003,Yorkshire and The Humber,region,2022-11-01,18369
E12000003,Yorkshire and The Humber,region,2022-10-31,18361
E12000003,Yorkshire and The Humber,region,2022-10-30,18352
E12000003,Yorkshire and The Humber,region,2022-10-29,18346
E12000003,Yorkshire and The Humber,region,2022-10-28,18338
E12000003,Yorkshire and The Humber,region,2022-10-27,18330
E12000003,Yorkshire and The Humber,region,2022-10-26,18319
E12000003,Yorkshire and The Humber,region,2022-10-25,18309
E12000003,Yorkshire and The Humber,region,2022-10-24,18295
E12000003,Yorkshire and The Humber,region,2022-10-23,18286
E12000003,Yorkshire and The Humber,region,2022-10-22,18277
E12000003,Yorkshire and The Humber,region,2022-10-21,18261
E12000003,Yorkshire and The Humber,region,2022-10-20,18254
E12000003,Yorkshire and The Humber,region,2022-10-19,18243
E12000003,Yorkshire and The Humber,region,2022-10-18,18232
E12000003,Yorkshire and The Humber,region,2022-10-17,18223
E12000003,Yorkshire and The Humber,region,2022-10-16,18213
E12000003,Yorkshire and The Humber,region,2022-10-15,18200
E12000003,Yorkshire and The Humber,region,2022-10-14,18194
E12000003,Yorkshire and The Humber,region,2022-10-13,18184
E12000003,Yorkshire and The Humber,region,2022-10-12,18172
E12000003,Yorkshire and The Humber,region,2022-10-11,18158
E12000003,Yorkshire and The Humber,region,2022-10-10,18149
E12000003,Yorkshire and The Humber,region,2022-10-09,18137
E12000003,Yorkshire and The Humber,region,2022-10-08,18122
E12000003,Yorkshire and The Humber,region,2022-10-07,18109
E12000003,Yorkshire and The Humber,region,2022-10-06,18096
E12000003,Yorkshire and The Humber,region,2022-10-05,18087
E12000003,Yorkshire and The Humber,region,2022-10-04,18077
E12000003,Yorkshire and The Humber,region,2022-10-03,18067
E12000003,Yorkshire and The Humber,region,2022-10-02,18059
E12000003,Yorkshire and The Humber,region,2022-10-01,18052
E12000003,Yorkshire and The Humber,region,2022-09-30,18043
E12000003,Yorkshire and The Humber,region,2022-09-29,18037
E12000003,Yorkshire and The Humber,region,2022-09-28,18026
E12000003,Yorkshire and The Humber,region,2022-09-27,18022
E12000003,Yorkshire and The Humber,region,2022-09-26,18013
E12000003,Yorkshire and The Humber,region,2022-09-25,18005
E12000003,Yorkshire and The Humber,region,2022-09-24,18004
E12000003,Yorkshire and The Humber,region,2022-09-23,17998
E12000003,Yorkshire and The Humber,region,2022-09-22,17991
E12000003,Yorkshire and The Humber,region,2022-09-21,17987
E12000003,Yorkshire and The Humber,region,2022-09-20,17982
E12000003,Yorkshire and The Humber,region,2022-09-19,17979
E12000003,Yorkshire and The Humber,region,2022-09-18,17975
E12000003,Yorkshire and The Humber,region,2022-09-17,17972
E12000003,Yorkshire and The Humber,region,2022-09-16,17969
E12000003,Yorkshire and The Humber,region,2022-09-15,17967
E12000003,Yorkshire and The Humber,region,2022-09-14,17962
E12000003,Yorkshire and The Humber,region,2022-09-13,17958
E12000003,Yorkshire and The Humber,region,2022-09-12,17951
E12000003,Yorkshire and The Humber,region,2022-09-11,17947
E12000003,Yorkshire and The Humber,region,2022-09-10,17944
E12000003,Yorkshire and The Humber,region,2022-09-09,17939
E12000003,Yorkshire and The Humber,region,2022-09-08,17933
E12000003,Yorkshire and The Humber,region,2022-09-07,17929
E12000003,Yorkshire and The Humber,region,2022-09-06,17923
E12000003,Yorkshire and The Humber,region,2022-09-05,17918
E12000003,Yorkshire and The Humber,region,2022-09-04,17913
E12000003,Yorkshire and The Humber,region,2022-09-03,17909
E12000003,Yorkshire and The Humber,region,2022-09-02,17903
E12000003,Yorkshire and The Humber,region,2022-09-01,17900
E12000003,Yorkshire and The Humber,region,2022-08-31,17899
E12000003,Yorkshire and The Humber,region,2022-08-30,17893
E12000003,Yorkshire and The Humber,region,2022-08-29,17892
E12000003,Yorkshire and The Humber,region,2022-08-28,17886
E12000003,Yorkshire and The Humber,region,2022-08-27,17884
E12000003,Yorkshire and The Humber,region,2022-08-26,17877
E12000003,Yorkshire and The Humber,region,2022-08-25,17875
E12000003,Yorkshire and The Humber,region,2022-08-24,17869
E12000003,Yorkshire and The Humber,region,2022-08-23,17864
E12000003,Yorkshire and The Humber,region,2022-08-22,17856
E12000003,Yorkshire and The Humber,region,2022-08-21,17852
E12000003,Yorkshire and The Humber,region,2022-08-20,17850
E12000003,Yorkshire and The Humber,region,2022-08-19,17846
E12000003,Yorkshire and The Humber,region,2022-08-18,17843
E12000003,Yorkshire and The Humber,region,2022-08-17,17838
E12000003,Yorkshire and The Humber,region,2022-08-16,17833
E12000003,Yorkshire and The Humber,region,2022-08-15,17827
E12000003,Yorkshire and The Humber,region,2022-08-14,17816
E12000003,Yorkshire and The Humber,region,2022-08-13,17813
E12000003,Yorkshire and The Humber,region,2022-08-12,17811
E12000003,Yorkshire and The Humber,region,2022-08-11,17801
E12000003,Yorkshire and The Humber,region,2022-08-10,17783
E12000003,Yorkshire and The Humber,region,2022-08-09,17777
E12000003,Yorkshire and The Humber,region,2022-08-08,17769
E12000003,Yorkshire and The Humber,region,2022-08-07,17763
E12000003,Yorkshire and The Humber,region,2022-08-06,17754
E12000003,Yorkshire and The Humber,region,2022-08-05,17748
E12000003,Yorkshire and The Humber,region,2022-08-04,17741
E12000003,Yorkshire and The Humber,region,2022-08-03,17734
E12000003,Yorkshire and The Humber,region,2022-08-02,17724
E12000003,Yorkshire and The Humber,region,2022-08-01,17711
E12000003,Yorkshire and The Humber,region,2022-07-31,17703
E12000003,Yorkshire and The Humber,region,2022-07-30,17692
E12000003,Yorkshire and The Humber,region,2022-07-29,17686
E12000003,Yorkshire and The Humber,region,2022-07-28,17673
E12000003,Yorkshire and The Humber,region,2022-07-27,17663
E12000003,Yorkshire and The Humber,region,2022-07-26,17657
E12000003,Yorkshire and The Humber,region,2022-07-25,17645
E12000003,Yorkshire and The Humber,region,2022-07-24,17636
E12000003,Yorkshire and The Humber,region,2022-07-23,17624
E12000003,Yorkshire and The Humber,region,2022-07-22,17615
E12000003,Yorkshire and The Humber,region,2022-07-21,17610
E12000003,Yorkshire and The Humber,region,2022-07-20,17600
E12000003,Yorkshire and The Humber,region,2022-07-19,17577
E12000003,Yorkshire and The Humber,region,2022-07-18,17557
E12000003,Yorkshire and The Humber,region,2022-07-17,17543
E12000003,Yorkshire and The Humber,region,2022-07-16,17529
E12000003,Yorkshire and The Humber,region,2022-07-15,17524
E12000003,Yorkshire and The Humber,region,2022-07-14,17518
E12000003,Yorkshire and The Humber,region,2022-07-13,17505
E12000003,Yorkshire and The Humber,region,2022-07-12,17494
E12000003,Yorkshire and The Humber,region,2022-07-11,17481
E12000003,Yorkshire and The Humber,region,2022-07-10,17471
E12000003,Yorkshire and The Humber,region,2022-07-09,17465
E12000003,Yorkshire and The Humber,region,2022-07-08,17461
E12000003,Yorkshire and The Humber,region,2022-07-07,17453
E12000003,Yorkshire and The Humber,region,2022-07-06,17447
E12000003,Yorkshire and The Humber,region,2022-07-05,17439
E12000003,Yorkshire and The Humber,region,2022-07-04,17432
E12000003,Yorkshire and The Humber,region,2022-07-03,17421
E12000003,Yorkshire and The Humber,region,2022-07-02,17415
E12000003,Yorkshire and The Humber,region,2022-07-01,17407
E12000003,Yorkshire and The Humber,region,2022-06-30,17394
E12000003,Yorkshire and The Humber,region,2022-06-29,17388
E12000003,Yorkshire and The Humber,region,2022-06-28,17385
E12000003,Yorkshire and The Humber,region,2022-06-27,17381
E12000003,Yorkshire and The Humber,region,2022-06-26,17377
E12000003,Yorkshire and The Humber,region,2022-06-25,17372
E12000003,Yorkshire and The Humber,region,2022-06-24,17367
E12000003,Yorkshire and The Humber,region,2022-06-23,17364
E12000003,Yorkshire and The Humber,region,2022-06-22,17360
E12000003,Yorkshire and The Humber,region,2022-06-21,17355
E12000003,Yorkshire and The Humber,region,2022-06-20,17352
E12000003,Yorkshire and The Humber,region,2022-06-19,17345
E12000003,Yorkshire and The Humber,region,2022-06-18,17343
E12000003,Yorkshire and The Humber,region,2022-06-17,17342
E12000003,Yorkshire and The Humber,region,2022-06-16,17338
E12000003,Yorkshire and The Humber,region,2022-06-15,17334
E12000003,Yorkshire and The Humber,region,2022-06-14,17329
E12000003,Yorkshire and The Humber,region,2022-06-13,17328
E12000003,Yorkshire and The Humber,region,2022-06-12,17323
E12000003,Yorkshire and The Humber,region,2022-06-11,17319
E12000003,Yorkshire and The Humber,region,2022-06-10,17318
E12000003,Yorkshire and The Humber,region,2022-06-09,17315
E12000003,Yorkshire and The Humber,region,2022-06-08,17315
E12000003,Yorkshire and The Humber,region,2022-06-07,17312
E12000003,Yorkshire and The Humber,region,2022-06-06,17311
E12000003,Yorkshire and The Humber,region,2022-06-05,17306
E12000003,Yorkshire and The Humber,region,2022-06-04,17305
E12000003,Yorkshire and The Humber,region,2022-06-03,17303
E12000003,Yorkshire and The Humber,region,2022-06-02,17300
E12000003,Yorkshire and The Humber,region,2022-06-01,17297
E12000003,Yorkshire and The Humber,region,2022-05-31,17292
E12000003,Yorkshire and The Humber,region,2022-05-30,17289
E12000003,Yorkshire and The Humber,region,2022-05-29,17286
E12000003,Yorkshire and The Humber,region,2022-05-28,17283
E12000003,Yorkshire and The Humber,region,2022-05-27,17280
E12000003,Yorkshire and The Humber,region,2022-05-26,17276
E12000003,Yorkshire and The Humber,region,2022-05-25,17273
E12000003,Yorkshire and The Humber,region,2022-05-24,17270
E12000003,Yorkshire and The Humber,region,2022-05-23,17265
E12000003,Yorkshire and The Humber,region,2022-05-22,17259
E12000003,Yorkshire and The Humber,region,2022-05-21,17254
E12000003,Yorkshire and The Humber,region,2022-05-20,17250
E12000003,Yorkshire and The Humber,region,2022-05-19,17243
E12000003,Yorkshire and The Humber,region,2022-05-18,17237
E12000003,Yorkshire and The Humber,region,2022-05-17,17234
E12000003,Yorkshire and The Humber,region,2022-05-16,17232
E12000003,Yorkshire and The Humber,region,2022-05-15,17223
E12000003,Yorkshire and The Humber,region,2022-05-14,17214
E12000003,Yorkshire and The Humber,region,2022-05-13,17207
E12000003,Yorkshire and The Humber,region,2022-05-12,17199
E12000003,Yorkshire and The Humber,region,2022-05-11,17195
E12000003,Yorkshire and The Humber,region,2022-05-10,17188
E12000003,Yorkshire and The Humber,region,2022-05-09,17181
E12000003,Yorkshire and The Humber,region,2022-05-08,17173
E12000003,Yorkshire and The Humber,region,2022-05-07,17168
E12000003,Yorkshire and The Humber,region,2022-05-06,17160
E12000003,Yorkshire and The Humber,region,2022-05-05,17152
E12000003,Yorkshire and The Humber,region,2022-05-04,17145
E12000003,Yorkshire and The Humber,region,2022-05-03,17134
E12000003,Yorkshire and The Humber,region,2022-05-02,17131
E12000003,Yorkshire and The Humber,region,2022-05-01,17119
E12000003,Yorkshire and The Humber,region,2022-04-30,17103
E12000003,Yorkshire and The Humber,region,2022-04-29,17090
E12000003,Yorkshire and The Humber,region,2022-04-28,17083
E12000003,Yorkshire and The Humber,region,2022-04-27,17072
E12000003,Yorkshire and The Humber,region,2022-04-26,17063
E12000003,Yorkshire and The Humber,region,2022-04-25,17052
E12000003,Yorkshire and The Humber,region,2022-04-24,17037
E12000003,Yorkshire and The Humber,region,2022-04-23,17023
E12000003,Yorkshire and The Humber,region,2022-04-22,17013
E12000003,Yorkshire and The Humber,region,2022-04-21,17004
E12000003,Yorkshire and The Humber,region,2022-04-20,16989
E12000003,Yorkshire and The Humber,region,2022-04-19,16978
E12000003,Yorkshire and The Humber,region,2022-04-18,16963
E12000003,Yorkshire and The Humber,region,2022-04-17,16946
E12000003,Yorkshire and The Humber,region,2022-04-16,16926
E12000003,Yorkshire and The Humber,region,2022-04-15,16906
E12000003,Yorkshire and The Humber,region,2022-04-14,16886
E12000003,Yorkshire and The Humber,region,2022-04-13,16865
E12000003,Yorkshire and The Humber,region,2022-04-12,16847
E12000003,Yorkshire and The Humber,region,2022-04-11,16840
E12000003,Yorkshire and The Humber,region,2022-04-10,16820
E12000003,Yorkshire and The Humber,region,2022-04-09,16796
E12000003,Yorkshire and The Humber,region,2022-04-08,16773
E12000003,Yorkshire and The Humber,region,2022-04-07,16749
E12000003,Yorkshire and The Humber,region,2022-04-06,16736
E12000003,Yorkshire and The Humber,region,2022-04-05,16713
E12000003,Yorkshire and The Humber,region,2022-04-04,16701
E12000003,Yorkshire and The Humber,region,2022-04-03,16685
E12000003,Yorkshire and The Humber,region,2022-04-02,16672
E12000003,Yorkshire and The Humber,region,2022-04-01,16644
E12000003,Yorkshire and The Humber,region,2022-03-31,16629
E12000003,Yorkshire and The Humber,region,2022-03-30,16613
E12000003,Yorkshire and The Humber,region,2022-03-29,16595
E12000003,Yorkshire and The Humber,region,2022-03-28,16570
E12000003,Yorkshire and The Humber,region,2022-03-27,16555
E12000003,Yorkshire and The Humber,region,2022-03-26,16543
E12000003,Yorkshire and The Humber,region,2022-03-25,16528
E12000003,Yorkshire and The Humber,region,2022-03-24,16517
E12000003,Yorkshire and The Humber,region,2022-03-23,16507
E12000003,Yorkshire and The Humber,region,2022-03-22,16496
E12000003,Yorkshire and The Humber,region,2022-03-21,16482
E12000003,Yorkshire and The Humber,region,2022-03-20,16472
E12000003,Yorkshire and The Humber,region,2022-03-19,16449
E12000003,Yorkshire and The Humber,region,2022-03-18,16434
E12000003,Yorkshire and The Humber,region,2022-03-17,16417
E12000003,Yorkshire and The Humber,region,2022-03-16,16407
E12000003,Yorkshire and The Humber,region,2022-03-15,16395
E12000003,Yorkshire and The Humber,region,2022-03-14,16388
E12000003,Yorkshire and The Humber,region,2022-03-13,16380
E12000003,Yorkshire and The Humber,region,2022-03-12,16370
E12000003,Yorkshire and The Humber,region,2022-03-11,16354
E12000003,Yorkshire and The Humber,region,2022-03-10,16349
E12000003,Yorkshire and The Humber,region,2022-03-09,16339
E12000003,Yorkshire and The Humber,region,2022-03-08,16328
E12000003,Yorkshire and The Humber,region,2022-03-07,16318
E12000003,Yorkshire and The Humber,region,2022-03-06,16308
E12000003,Yorkshire and The Humber,region,2022-03-05,16304
E12000003,Yorkshire and The Humber,region,2022-03-04,16297
E12000003,Yorkshire and The Humber,region,2022-03-03,16290
E12000003,Yorkshire and The Humber,region,2022-03-02,16283
E12000003,Yorkshire and The Humber,region,2022-03-01,16278
E12000003,Yorkshire and The Humber,region,2022-02-28,16269
E12000003,Yorkshire and The Humber,region,2022-02-27,16266
E12000003,Yorkshire and The Humber,region,2022-02-26,16257
E12000003,Yorkshire and The Humber,region,2022-02-25,16248
E12000003,Yorkshire and The Humber,region,2022-02-24,16243
E12000003,Yorkshire and The Humber,region,2022-02-23,16230
E12000003,Yorkshire and The Humber,region,2022-02-22,16220
E12000003,Yorkshire and The Humber,region,2022-02-21,16213
E12000003,Yorkshire and The Humber,region,2022-02-20,16208
E12000003,Yorkshire and The Humber,region,2022-02-19,16197
E12000003,Yorkshire and The Humber,region,2022-02-18,16182
E12000003,Yorkshire and The Humber,region,2022-02-17,16172
E12000003,Yorkshire and The Humber,region,2022-02-16,16164
E12000003,Yorkshire and The Humber,region,2022-02-15,16154
E12000003,Yorkshire and The Humber,region,2022-02-14,16142
E12000003,Yorkshire and The Humber,region,2022-02-13,16122
E12000003,Yorkshire and The Humber,region,2022-02-12,16111
E12000003,Yorkshire and The Humber,region,2022-02-11,16099
E12000003,Yorkshire and The Humber,region,2022-02-10,16089
E12000003,Yorkshire and The Humber,region,2022-02-09,16077
E12000003,Yorkshire and The Humber,region,2022-02-08,16065
E12000003,Yorkshire and The Humber,region,2022-02-07,16051
E12000003,Yorkshire and The Humber,region,2022-02-06,16036
E12000003,Yorkshire and The Humber,region,2022-02-05,16023
E12000003,Yorkshire and The Humber,region,2022-02-04,16008
E12000003,Yorkshire and The Humber,region,2022-02-03,15995
E12000003,Yorkshire and The Humber,region,2022-02-02,15981
E12000003,Yorkshire and The Humber,region,2022-02-01,15969
E12000003,Yorkshire and The Humber,region,2022-01-31,15958
E12000003,Yorkshire and The Humber,region,2022-01-30,15930
E12000003,Yorkshire and The Humber,region,2022-01-29,15917
E12000003,Yorkshire and The Humber,region,2022-01-28,15894
E12000003,Yorkshire and The Humber,region,2022-01-27,15873
E12000003,Yorkshire and The Humber,region,2022-01-26,15849
E12000003,Yorkshire and The Humber,region,2022-01-25,15828
E12000003,Yorkshire and The Humber,region,2022-01-24,15808
E12000003,Yorkshire and The Humber,region,2022-01-23,15789
E12000003,Yorkshire and The Humber,region,2022-01-22,15766
E12000003,Yorkshire and The Humber,region,2022-01-21,15747
E12000003,Yorkshire and The Humber,region,2022-01-20,15718
E12000003,Yorkshire and The Humber,region,2022-01-19,15697
E12000003,Yorkshire and The Humber,region,2022-01-18,15681
E12000003,Yorkshire and The Humber,region,2022-01-17,15659
E12000003,Yorkshire and The Humber,region,2022-01-16,15633
E12000003,Yorkshire and The Humber,region,2022-01-15,15611
E12000003,Yorkshire and The Humber,region,2022-01-14,15585
E12000003,Yorkshire and The Humber,region,2022-01-13,15569
E12000003,Yorkshire and The Humber,region,2022-01-12,15551
E12000003,Yorkshire and The Humber,region,2022-01-11,15528
E12000003,Yorkshire and The Humber,region,2022-01-10,15506
E12000003,Yorkshire and The Humber,region,2022-01-09,15483
E12000003,Yorkshire and The Humber,region,2022-01-08,15464
E12000003,Yorkshire and The Humber,region,2022-01-07,15448
E12000003,Yorkshire and The Humber,region,2022-01-06,15420
E12000003,Yorkshire and The Humber,region,2022-01-05,15405
E12000003,Yorkshire and The Humber,region,2022-01-04,15392
E12000003,Yorkshire and The Humber,region,2022-01-03,15381
E12000003,Yorkshire and The Humber,region,2022-01-02,15368
E12000003,Yorkshire and The Humber,region,2022-01-01,15353
E12000003,Yorkshire and The Humber,region,2021-12-31,15342
E12000003,Yorkshire and The Humber,region,2021-12-30,15332
E12000003,Yorkshire and The Humber,region,2021-12-29,15324
E12000003,Yorkshire and The Humber,region,2021-12-28,15320
E12000003,Yorkshire and The Humber,region,2021-12-27,15309
E12000003,Yorkshire and The Humber,region,2021-12-26,15299
E12000003,Yorkshire and The Humber,region,2021-12-25,15288
E12000003,Yorkshire and The Humber,region,2021-12-24,15271
E12000003,Yorkshire and The Humber,region,2021-12-23,15264
E12000003,Yorkshire and The Humber,region,2021-12-22,15255
E12000003,Yorkshire and The Humber,region,2021-12-21,15245
E12000003,Yorkshire and The Humber,region,2021-12-20,15235
E12000003,Yorkshire and The Humber,region,2021-12-19,15229
E12000003,Yorkshire and The Humber,region,2021-12-18,15221
E12000003,Yorkshire and The Humber,region,2021-12-17,15217
E12000003,Yorkshire and The Humber,region,2021-12-16,15203
E12000003,Yorkshire and The Humber,region,2021-12-15,15195
E12000003,Yorkshire and The Humber,region,2021-12-14,15188
E12000003,Yorkshire and The Humber,region,2021-12-13,15179
E12000003,Yorkshire and The Humber,region,2021-12-12,15167
E12000003,Yorkshire and The Humber,region,2021-12-11,15155
E12000003,Yorkshire and The Humber,region,2021-12-10,15148
E12000003,Yorkshire and The Humber,region,2021-12-09,15143
E12000003,Yorkshire and The Humber,region,2021-12-08,15137
E12000003,Yorkshire and The Humber,region,2021-12-07,15126
E12000003,Yorkshire and The Humber,region,2021-12-06,15118
E12000003,Yorkshire and The Humber,region,2021-12-05,15108
E12000003,Yorkshire and The Humber,region,2021-12-04,15097
E12000003,Yorkshire and The Humber,region,2021-12-03,15081
E12000003,Yorkshire and The Humber,region,2021-12-02,15063
E12000003,Yorkshire and The Humber,region,2021-12-01,15053
E12000003,Yorkshire and The Humber,region,2021-11-30,15042
E12000003,Yorkshire and The Humber,region,2021-11-29,15033
E12000003,Yorkshire and The Humber,region,2021-11-28,15014
E12000003,Yorkshire and The Humber,region,2021-11-27,15004
E12000003,Yorkshire and The Humber,region,2021-11-26,14998
E12000003,Yorkshire and The Humber,region,2021-11-25,14986
E12000003,Yorkshire and The Humber,region,2021-11-24,14970
E12000003,Yorkshire and The Humber,region,2021-11-23,14947
E12000003,Yorkshire and The Humber,region,2021-11-22,14934
E12000003,Yorkshire and The Humber,region,2021-11-21,14926
E12000003,Yorkshire and The Humber,region,2021-11-20,14912
E12000003,Yorkshire and The Humber,region,2021-11-19,14902
E12000003,Yorkshire and The Humber,region,2021-11-18,14886
E12000003,Yorkshire and The Humber,region,2021-11-17,14873
E12000003,Yorkshire and The Humber,region,2021-11-16,14863
E12000003,Yorkshire and The Humber,region,2021-11-15,14850
E12000003,Yorkshire and The Humber,region,2021-11-14,14838
E12000003,Yorkshire and The Humber,region,2021-11-13,14824
E12000003,Yorkshire and The Humber,region,2021-11-12,14805
E12000003,Yorkshire and The Humber,region,2021-11-11,14792
E12000003,Yorkshire and The Humber,region,2021-11-10,14776
E12000003,Yorkshire and The Humber,region,2021-11-09,14763
E12000003,Yorkshire and The Humber,region,2021-11-08,14741
E12000003,Yorkshire and The Humber,region,2021-11-07,14732
E12000003,Yorkshire and The Humber,region,2021-11-06,14717
E12000003,Yorkshire and The Humber,region,2021-11-05,14697
E12000003,Yorkshire and The Humber,region,2021-11-04,14682
E12000003,Yorkshire and The Humber,region,2021-11-03,14653
E12000003,Yorkshire and The Humber,region,2021-11-02,14639
E12000003,Yorkshire and The Humber,region,2021-11-01,14622
E12000003,Yorkshire and The Humber,region,2021-10-31,14603
E12000003,Yorkshire and The Humber,region,2021-10-30,14589
E12000003,Yorkshire and The Humber,region,2021-10-29,14569
E12000003,Yorkshire and The Humber,region,2021-10-28,14551
E12000003,Yorkshire and The Humber,region,2021-10-27,14533
E12000003,Yorkshire and The Humber,region,2021-10-26,14510
E12000003,Yorkshire and The Humber,region,2021-10-25,14500
E12000003,Yorkshire and The Humber,region,2021-10-24,14481
E12000003,Yorkshire and The Humber,region,2021-10-23,14465
E12000003,Yorkshire and The Humber,region,2021-10-22,14448
E12000003,Yorkshire and The Humber,region,2021-10-21,14429
E12000003,Yorkshire and The Humber,region,2021-10-20,14411
E12000003,Yorkshire and The Humber,region,2021-10-19,14392
E12000003,Yorkshire and The Humber,region,2021-10-18,14385
E12000003,Yorkshire and The Humber,region,2021-10-17,14377
E12000003,Yorkshire and The Humber,region,2021-10-16,14361
E12000003,Yorkshire and The Humber,region,2021-10-15,14340
E12000003,Yorkshire and The Humber,region,2021-10-14,14325
E12000003,Yorkshire and The Humber,region,2021-10-13,14311
E12000003,Yorkshire and The Humber,region,2021-10-12,14294
E12000003,Yorkshire and The Humber,region,2021-10-11,14278
E12000003,Yorkshire and The Humber,region,2021-10-10,14262
E12000003,Yorkshire and The Humber,region,2021-10-09,14250
E12000003,Yorkshire and The Humber,region,2021-10-08,14234
E12000003,Yorkshire and The Humber,region,2021-10-07,14219
E12000003,Yorkshire and The Humber,region,2021-10-06,14206
E12000003,Yorkshire and The Humber,region,2021-10-05,14199
E12000003,Yorkshire and The Humber,region,2021-10-04,14187
E12000003,Yorkshire and The Humber,region,2021-10-03,14176
E12000003,Yorkshire and The Humber,region,2021-10-02,14161
E12000003,Yorkshire and The Humber,region,2021-10-01,14155
E12000003,Yorkshire and The Humber,region,2021-09-30,14143
E12000003,Yorkshire and The Humber,region,2021-09-29,14128
E12000003,Yorkshire and The Humber,region,2021-09-28,14111
E12000003,Yorkshire and The Humber,region,2021-09-27,14104
E12000003,Yorkshire and The Humber,region,2021-09-26,14096
E12000003,Yorkshire and The Humber,region,2021-09-25,14088
E12000003,Yorkshire and The Humber,region,2021-09-24,14073
E12000003,Yorkshire and The Humber,region,2021-09-23,14059
E12000003,Yorkshire and The Humber,region,2021-09-22,14049
E12000003,Yorkshire and The Humber,region,2021-09-21,14036
E12000003,Yorkshire and The Humber,region,2021-09-20,14024
E12000003,Yorkshire and The Humber,region,2021-09-19,14005
E12000003,Yorkshire and The Humber,region,2021-09-18,13985
E12000003,Yorkshire and The Humber,region,2021-09-17,13975
E12000003,Yorkshire and The Humber,region,2021-09-16,13959
E12000003,Yorkshire and The Humber,region,2021-09-15,13940
E12000003,Yorkshire and The Humber,region,2021-09-14,13928
E12000003,Yorkshire and The Humber,region,2021-09-13,13912
E12000003,Yorkshire and The Humber,region,2021-09-12,13898
E12000003,Yorkshire and The Humber,region,2021-09-11,13881
E12000003,Yorkshire and The Humber,region,2021-09-10,13872
E12000003,Yorkshire and The Humber,region,2021-09-09,13853
E12000003,Yorkshire and The Humber,region,2021-09-08,13831
E12000003,Yorkshire and The Humber,region,2021-09-07,13817
E12000003,Yorkshire and The Humber,region,2021-09-06,13802
E12000003,Yorkshire and The Humber,region,2021-09-05,13783
E12000003,Yorkshire and The Humber,region,2021-09-04,13763
E12000003,Yorkshire and The Humber,region,2021-09-03,13740
E12000003,Yorkshire and The Humber,region,2021-09-02,13724
E12000003,Yorkshire and The Humber,region,2021-09-01,13710
E12000003,Yorkshire and The Humber,region,2021-08-31,13694
E12000003,Yorkshire and The Humber,region,2021-08-30,13675
E12000003,Yorkshire and The Humber,region,2021-08-29,13662
E12000003,Yorkshire and The Humber,region,2021-08-28,13642
E12000003,Yorkshire and The Humber,region,2021-08-27,13630
E12000003,Yorkshire and The Humber,region,2021-08-26,13609
E12000003,Yorkshire and The Humber,region,2021-08-25,13599
E12000003,Yorkshire and The Humber,region,2021-08-24,13594
E12000003,Yorkshire and The Humber,region,2021-08-23,13581
E12000003,Yorkshire and The Humber,region,2021-08-22,13564
E12000003,Yorkshire and The Humber,region,2021-08-21,13554
E12000003,Yorkshire and The Humber,region,2021-08-20,13546
E12000003,Yorkshire and The Humber,region,2021-08-19,13535
E12000003,Yorkshire and The Humber,region,2021-08-18,13525
E12000003,Yorkshire and The Humber,region,2021-08-17,13514
E12000003,Yorkshire and The Humber,region,2021-08-16,13505
E12000003,Yorkshire and The Humber,region,2021-08-15,13495
E12000003,Yorkshire and The Humber,region,2021-08-14,13485
E12000003,Yorkshire and The Humber,region,2021-08-13,13468
E12000003,Yorkshire and The Humber,region,2021-08-12,13449
E12000003,Yorkshire and The Humber,region,2021-08-11,13432
E12000003,Yorkshire and The Humber,region,2021-08-10,13420
E12000003,Yorkshire and The Humber,region,2021-08-09,13404
E12000003,Yorkshire and The Humber,region,2021-08-08,13397
E12000003,Yorkshire and The Humber,region,2021-08-07,13386
E12000003,Yorkshire and The Humber,region,2021-08-06,13373
E12000003,Yorkshire and The Humber,region,2021-08-05,13360
E12000003,Yorkshire and The Humber,region,2021-08-04,13341
E12000003,Yorkshire and The Humber,region,2021-08-03,13333
E12000003,Yorkshire and The Humber,region,2021-08-02,13327
E12000003,Yorkshire and The Humber,region,2021-08-01,13321
E12000003,Yorkshire and The Humber,region,2021-07-31,13316
E12000003,Yorkshire and The Humber,region,2021-07-30,13305
E12000003,Yorkshire and The Humber,region,2021-07-29,13296
E12000003,Yorkshire and The Humber,region,2021-07-28,13288
E12000003,Yorkshire and The Humber,region,2021-07-27,13277
E12000003,Yorkshire and The Humber,region,2021-07-26,13265
E12000003,Yorkshire and The Humber,region,2021-07-25,13254
E12000003,Yorkshire and The Humber,region,2021-07-24,13242
E12000003,Yorkshire and The Humber,region,2021-07-23,13234
E12000003,Yorkshire and The Humber,region,2021-07-22,13228
E12000003,Yorkshire and The Humber,region,2021-07-21,13220
E12000003,Yorkshire and The Humber,region,2021-07-20,13213
E12000003,Yorkshire and The Humber,region,2021-07-19,13203
E12000003,Yorkshire and The Humber,region,2021-07-18,13193
E12000003,Yorkshire and The Humber,region,2021-07-17,13182
E12000003,Yorkshire and The Humber,region,2021-07-16,13178
E12000003,Yorkshire and The Humber,region,2021-07-15,13172
E12000003,Yorkshire and The Humber,region,2021-07-14,13165
E12000003,Yorkshire and The Humber,region,2021-07-13,13159
E12000003,Yorkshire and The Humber,region,2021-07-12,13157
E12000003,Yorkshire and The Humber,region,2021-07-11,13153
E12000003,Yorkshire and The Humber,region,2021-07-10,13151
E12000003,Yorkshire and The Humber,region,2021-07-09,13147
E12000003,Yorkshire and The Humber,region,2021-07-08,13145
E12000003,Yorkshire and The Humber,region,2021-07-07,13142
E12000003,Yorkshire and The Humber,region,2021-07-06,13140
E12000003,Yorkshire and The Humber,region,2021-07-05,13138
E12000003,Yorkshire and The Humber,region,2021-07-04,13137
E12000003,Yorkshire and The Humber,region,2021-07-03,13136
E12000003,Yorkshire and The Humber,region,2021-07-02,13132
E12000003,Yorkshire and The Humber,region,2021-07-01,13131
E12000003,Yorkshire and The Humber,region,2021-06-30,13127
E12000003,Yorkshire and The Humber,region,2021-06-29,13126
E12000003,Yorkshire and The Humber,region,2021-06-28,13122
E12000003,Yorkshire and The Humber,region,2021-06-27,13121
E12000003,Yorkshire and The Humber,region,2021-06-26,13117
E12000003,Yorkshire and The Humber,region,2021-06-25,13116
E12000003,Yorkshire and The Humber,region,2021-06-24,13116
E12000003,Yorkshire and The Humber,region,2021-06-23,13115
E12000003,Yorkshire and The Humber,region,2021-06-22,13115
E12000003,Yorkshire and The Humber,region,2021-06-21,13113
E12000003,Yorkshire and The Humber,region,2021-06-20,13113
E12000003,Yorkshire and The Humber,region,2021-06-19,13110
E12000003,Yorkshire and The Humber,region,2021-06-18,13107
E12000003,Yorkshire and The Humber,region,2021-06-17,13106
E12000003,Yorkshire and The Humber,region,2021-06-16,13106
E12000003,Yorkshire and The Humber,region,2021-06-15,13106
E12000003,Yorkshire and The Humber,region,2021-06-14,13105
E12000003,Yorkshire and The Humber,region,2021-06-13,13103
E12000003,Yorkshire and The Humber,region,2021-06-12,13102
E12000003,Yorkshire and The Humber,region,2021-06-11,13102
E12000003,Yorkshire and The Humber,region,2021-06-10,13099
E12000003,Yorkshire and The Humber,region,2021-06-09,13098
E12000003,Yorkshire and The Humber,region,2021-06-08,13098
E12000003,Yorkshire and The Humber,region,2021-06-07,13095
E12000003,Yorkshire and The Humber,region,2021-06-06,13095
E12000003,Yorkshire and The Humber,region,2021-06-05,13093
E12000003,Yorkshire and The Humber,region,2021-06-04,13093
E12000003,Yorkshire and The Humber,region,2021-06-03,13092
E12000003,Yorkshire and The Humber,region,2021-06-02,13090
E12000003,Yorkshire and The Humber,region,2021-06-01,13087
E12000003,Yorkshire and The Humber,region,2021-05-31,13087
E12000003,Yorkshire and The Humber,region,2021-05-30,13087
E12000003,Yorkshire and The Humber,region,2021-05-29,13085
E12000003,Yorkshire and The Humber,region,2021-05-28,13085
E12000003,Yorkshire and The Humber,region,2021-05-27,13084
E12000003,Yorkshire and The Humber,region,2021-05-26,13084
E12000003,Yorkshire and The Humber,region,2021-05-25,13081
E12000003,Yorkshire and The Humber,region,2021-05-24,13080
E12000003,Yorkshire and The Humber,region,2021-05-23,13077
E12000003,Yorkshire and The Humber,region,2021-05-22,13076
E12000003,Yorkshire and The Humber,region,2021-05-21,13076
E12000003,Yorkshire and The Humber,region,2021-05-20,13075
E12000003,Yorkshire and The Humber,region,2021-05-19,13075
E12000003,Yorkshire and The Humber,region,2021-05-18,13074
E12000003,Yorkshire and The Humber,region,2021-05-17,13074
E12000003,Yorkshire and The Humber,region,2021-05-16,13072
E12000003,Yorkshire and The Humber,region,2021-05-15,13070
E12000003,Yorkshire and The Humber,region,2021-05-14,13068
E12000003,Yorkshire and The Humber,region,2021-05-13,13067
E12000003,Yorkshire and The Humber,region,2021-05-12,13067
E12000003,Yorkshire and The Humber,region,2021-05-11,13063
E12000003,Yorkshire and The Humber,region,2021-05-10,13062
E12000003,Yorkshire and The Humber,region,2021-05-09,13062
E12000003,Yorkshire and The Humber,region,2021-05-08,13059
E12000003,Yorkshire and The Humber,region,2021-05-07,13053
E12000003,Yorkshire and The Humber,region,2021-05-06,13049
E12000003,Yorkshire and The Humber,region,2021-05-05,13048
E12000003,Yorkshire and The Humber,region,2021-05-04,13043
E12000003,Yorkshire and The Humber,region,2021-05-03,13041
E12000003,Yorkshire and The Humber,region,2021-05-02,13040
E12000003,Yorkshire and The Humber,region,2021-05-01,13037
E12000003,Yorkshire and The Humber,region,2021-04-30,13034
E12000003,Yorkshire and The Humber,region,2021-04-29,13032
E12000003,Yorkshire and The Humber,region,2021-04-28,13029
E12000003,Yorkshire and The Humber,region,2021-04-27,13027
E12000003,Yorkshire and The Humber,region,2021-04-26,13025
E12000003,Yorkshire and The Humber,region,2021-04-25,13022
E12000003,Yorkshire and The Humber,region,2021-04-24,13020
E12000003,Yorkshire and The Humber,region,2021-04-23,13018
E12000003,Yorkshire and The Humber,region,2021-04-22,13017
E12000003,Yorkshire and The Humber,region,2021-04-21,13012
E12000003,Yorkshire and The Humber,region,2021-04-20,13005
E12000003,Yorkshire and The Humber,region,2021-04-19,12997
E12000003,Yorkshire and The Humber,region,2021-04-18,12995
E12000003,Yorkshire and The Humber,region,2021-04-17,12992
E12000003,Yorkshire and The Humber,region,2021-04-16,12980
E12000003,Yorkshire and The Humber,region,2021-04-15,12975
E12000003,Yorkshire and The Humber,region,2021-04-14,12968
E12000003,Yorkshire and The Humber,region,2021-04-13,12967
E12000003,Yorkshire and The Humber,region,2021-04-12,12957
E12000003,Yorkshire and The Humber,region,2021-04-11,12950
E12000003,Yorkshire and The Humber,region,2021-04-10,12943
E12000003,Yorkshire and The Humber,region,2021-04-09,12939
E12000003,Yorkshire and The Humber,region,2021-04-08,12936
E12000003,Yorkshire and The Humber,region,2021-04-07,12927
E12000003,Yorkshire and The Humber,region,2021-04-06,12922
E12000003,Yorkshire and The Humber,region,2021-04-05,12918
E12000003,Yorkshire and The Humber,region,2021-04-04,12914
E12000003,Yorkshire and The Humber,region,2021-04-03,12906
E12000003,Yorkshire and The Humber,region,2021-04-02,12903
E12000003,Yorkshire and The Humber,region,2021-04-01,12900
E12000003,Yorkshire and The Humber,region,2021-03-31,12895
E12000003,Yorkshire and The Humber,region,2021-03-30,12886
E12000003,Yorkshire and The Humber,region,2021-03-29,12879
E12000003,Yorkshire and The Humber,region,2021-03-28,12872
E12000003,Yorkshire and The Humber,region,2021-03-27,12868
E12000003,Yorkshire and The Humber,region,2021-03-26,12863
E12000003,Yorkshire and The Humber,region,2021-03-25,12851
E12000003,Yorkshire and The Humber,region,2021-03-24,12844
E12000003,Yorkshire and The Humber,region,2021-03-23,12835
E12000003,Yorkshire and The Humber,region,2021-03-22,12825
E12000003,Yorkshire and The Humber,region,2021-03-21,12818
E12000003,Yorkshire and The Humber,region,2021-03-20,12801
E12000003,Yorkshire and The Humber,region,2021-03-19,12796
E12000003,Yorkshire and The Humber,region,2021-03-18,12785
E12000003,Yorkshire and The Humber,region,2021-03-17,12776
E12000003,Yorkshire and The Humber,region,2021-03-16,12766
E12000003,Yorkshire and The Humber,region,2021-03-15,12756
E12000003,Yorkshire and The Humber,region,2021-03-14,12737
E12000003,Yorkshire and The Humber,region,2021-03-13,12723
E12000003,Yorkshire and The Humber,region,2021-03-12,12714
E12000003,Yorkshire and The Humber,region,2021-03-11,12701
E12000003,Yorkshire and The Humber,region,2021-03-10,12682
E12000003,Yorkshire and The Humber,region,2021-03-09,12665
E12000003,Yorkshire and The Humber,region,2021-03-08,12645
E12000003,Yorkshire and The Humber,region,2021-03-07,12628
E12000003,Yorkshire and The Humber,region,2021-03-06,12614
E12000003,Yorkshire and The Humber,region,2021-03-05,12589
E12000003,Yorkshire and The Humber,region,2021-03-04,12570
E12000003,Yorkshire and The Humber,region,2021-03-03,12552
E12000003,Yorkshire and The Humber,region,2021-03-02,12528
E12000003,Yorkshire and The Humber,region,2021-03-01,12511
E12000003,Yorkshire and The Humber,region,2021-02-28,12490
E12000003,Yorkshire and The Humber,region,2021-02-27,12457
E12000003,Yorkshire and The Humber,region,2021-02-26,12429
E12000003,Yorkshire and The Humber,region,2021-02-25,12404
E12000003,Yorkshire and The Humber,region,2021-02-24,12377
E12000003,Yorkshire and The Humber,region,2021-02-23,12345
E12000003,Yorkshire and The Humber,region,2021-02-22,12315
E12000003,Yorkshire and The Humber,region,2021-02-21,12293
E12000003,Yorkshire and The Humber,region,2021-02-20,12248
E12000003,Yorkshire and The Humber,region,2021-02-19,12212
E12000003,Yorkshire and The Humber,region,2021-02-18,12173
E12000003,Yorkshire and The Humber,region,2021-02-17,12135
E12000003,Yorkshire and The Humber,region,2021-02-16,12097
E12000003,Yorkshire and The Humber,region,2021-02-15,12065
E12000003,Yorkshire and The Humber,region,2021-02-14,12027
E12000003,Yorkshire and The Humber,region,2021-02-13,11983
E12000003,Yorkshire and The Humber,region,2021-02-12,11935
E12000003,Yorkshire and The Humber,region,2021-02-11,11883
E12000003,Yorkshire and The Humber,region,2021-02-10,11826
E12000003,Yorkshire and The Humber,region,2021-02-09,11770
E12000003,Yorkshire and The Humber,region,2021-02-08,11731
E12000003,Yorkshire and The Humber,region,2021-02-07,11692
E12000003,Yorkshire and The Humber,region,2021-02-06,11656
E12000003,Yorkshire and The Humber,region,2021-02-05,11614
E12000003,Yorkshire and The Humber,region,2021-02-04,11551
E12000003,Yorkshire and The Humber,region,2021-02-03,11494
E12000003,Yorkshire and The Humber,region,2021-02-02,11430
E12000003,Yorkshire and The Humber,region,2021-02-01,11376
E12000003,Yorkshire and The Humber,region,2021-01-31,11314
E12000003,Yorkshire and The Humber,region,2021-01-30,11253
E12000003,Yorkshire and The Humber,region,2021-01-29,11185
E12000003,Yorkshire and The Humber,region,2021-01-28,11130
E12000003,Yorkshire and The Humber,region,2021-01-27,11068
E12000003,Yorkshire and The Humber,region,2021-01-26,11004
E12000003,Yorkshire and The Humber,region,2021-01-25,10945
E12000003,Yorkshire and The Humber,region,2021-01-24,10887
E12000003,Yorkshire and The Humber,region,2021-01-23,10828
E12000003,Yorkshire and The Humber,region,2021-01-22,10761
E12000003,Yorkshire and The Humber,region,2021-01-21,10704
E12000003,Yorkshire and The Humber,region,2021-01-20,10627
E12000003,Yorkshire and The Humber,region,2021-01-19,10558
E12000003,Yorkshire and The Humber,region,2021-01-18,10477
E12000003,Yorkshire and The Humber,region,2021-01-17,10423
E12000003,Yorkshire and The Humber,region,2021-01-16,10359
E12000003,Yorkshire and The Humber,region,2021-01-15,10280
E12000003,Yorkshire and The Humber,region,2021-01-14,10204
E12000003,Yorkshire and The Humber,region,2021-01-13,10158
E12000003,Yorkshire and The Humber,region,2021-01-12,10092
E12000003,Yorkshire and The Humber,region,2021-01-11,10024
E12000003,Yorkshire and The Humber,region,2021-01-10,9973
E12000003,Yorkshire and The Humber,region,2021-01-09,9910
E12000003,Yorkshire and The Humber,region,2021-01-08,9862
E12000003,Yorkshire and The Humber,region,2021-01-07,9810
E12000003,Yorkshire and The Humber,region,2021-01-06,9756
E12000003,Yorkshire and The Humber,region,2021-01-05,9704
E12000003,Yorkshire and The Humber,region,2021-01-04,9661
E12000003,Yorkshire and The Humber,region,2021-01-03,9618
E12000003,Yorkshire and The Humber,region,2021-01-02,9571
E12000003,Yorkshire and The Humber,region,2021-01-01,9511
E12000003,Yorkshire and The Humber,region,2020-12-31,9447
E12000003,Yorkshire and The Humber,region,2020-12-30,9404
E12000003,Yorkshire and The Humber,region,2020-12-29,9366
E12000003,Yorkshire and The Humber,region,2020-12-28,9306
E12000003,Yorkshire and The Humber,region,2020-12-27,9246
E12000003,Yorkshire and The Humber,region,2020-12-26,9188
E12000003,Yorkshire and The Humber,region,2020-12-25,9133
E12000003,Yorkshire and The Humber,region,2020-12-24,9088
E12000003,Yorkshire and The Humber,region,2020-12-23,9051
E12000003,Yorkshire and The Humber,region,2020-12-22,9000
E12000003,Yorkshire and The Humber,region,2020-12-21,8951
E12000003,Yorkshire and The Humber,region,2020-12-20,8902
E12000003,Yorkshire and The Humber,region,2020-12-19,8856
E12000003,Yorkshire and The Humber,region,2020-12-18,8813
E12000003,Yorkshire and The Humber,region,2020-12-17,8756
E12000003,Yorkshire and The Humber,region,2020-12-16,8699
E12000003,Yorkshire and The Humber,region,2020-12-15,8657
E12000003,Yorkshire and The Humber,region,2020-12-14,8603
E12000003,Yorkshire and The Humber,region,2020-12-13,8556
E12000003,Yorkshire and The Humber,region,2020-12-12,8499
E12000003,Yorkshire and The Humber,region,2020-12-11,8449
E12000003,Yorkshire and The Humber,region,2020-12-10,8386
E12000003,Yorkshire and The Humber,region,2020-12-09,8332
E12000003,Yorkshire and The Humber,region,2020-12-08,8273
E12000003,Yorkshire and The Humber,region,2020-12-07,8218
E12000003,Yorkshire and The Humber,region,2020-12-06,8162
E12000003,Yorkshire and The Humber,region,2020-12-05,8099
E12000003,Yorkshire and The Humber,region,2020-12-04,8053
E12000003,Yorkshire and The Humber,region,2020-12-03,7975
E12000003,Yorkshire and The Humber,region,2020-12-02,7906
E12000003,Yorkshire and The Humber,region,2020-12-01,7841
E12000003,Yorkshire and The Humber,region,2020-11-30,7803
E12000003,Yorkshire and The Humber,region,2020-11-29,7747
E12000003,Yorkshire and The Humber,region,2020-11-28,7691
E12000003,Yorkshire and The Humber,region,2020-11-27,7626
E12000003,Yorkshire and The Humber,region,2020-11-26,7559
E12000003,Yorkshire and The Humber,region,2020-11-25,7495
E12000003,Yorkshire and The Humber,region,2020-11-24,7429
E12000003,Yorkshire and The Humber,region,2020-11-23,7347
E12000003,Yorkshire and The Humber,region,2020-11-22,7264
E12000003,Yorkshire and The Humber,region,2020-11-21,7193
E12000003,Yorkshire and The Humber,region,2020-11-20,7114
E12000003,Yorkshire and The Humber,region,2020-11-19,7043
E12000003,Yorkshire and The Humber,region,2020-11-18,6963
E12000003,Yorkshire and The Humber,region,2020-11-17,6877
E12000003,Yorkshire and The Humber,region,2020-11-16,6821
E12000003,Yorkshire and The Humber,region,2020-11-15,6768
E12000003,Yorkshire and The Humber,region,2020-11-14,6690
E12000003,Yorkshire and The Humber,region,2020-11-13,6621
E12000003,Yorkshire and The Humber,region,2020-11-12,6555
E12000003,Yorkshire and The Humber,region,2020-11-11,6482
E12000003,Yorkshire and The Humber,region,2020-11-10,6418
E12000003,Yorkshire and The Humber,region,2020-11-09,6351
E12000003,Yorkshire and The Humber,region,2020-11-08,6258
E12000003,Yorkshire and The Humber,region,2020-11-07,6189
E12000003,Yorkshire and The Humber,region,2020-11-06,6111
E12000003,Yorkshire and The Humber,region,2020-11-05,6037
E12000003,Yorkshire and The Humber,region,2020-11-04,5980
E12000003,Yorkshire and The Humber,region,2020-11-03,5933
E12000003,Yorkshire and The Humber,region,2020-11-02,5860
E12000003,Yorkshire and The Humber,region,2020-11-01,5815
E12000003,Yorkshire and The Humber,region,2020-10-31,5768
E12000003,Yorkshire and The Humber,region,2020-10-30,5714
E12000003,Yorkshire and The Humber,region,2020-10-29,5665
E12000003,Yorkshire and The Humber,region,2020-10-28,5626
E12000003,Yorkshire and The Humber,region,2020-10-27,5592
E12000003,Yorkshire and The Humber,region,2020-10-26,5550
E12000003,Yorkshire and The Humber,region,2020-10-25,5512
E12000003,Yorkshire and The Humber,region,2020-10-24,5478
E12000003,Yorkshire and The Humber,region,2020-10-23,5447
E12000003,Yorkshire and The Humber,region,2020-10-22,5414
E12000003,Yorkshire and The Humber,region,2020-10-21,5388
E12000003,Yorkshire and The Humber,region,2020-10-20,5348
E12000003,Yorkshire and The Humber,region,2020-10-19,5312
E12000003,Yorkshire and The Humber,region,2020-10-18,5278
E12000003,Yorkshire and The Humber,region,2020-10-17,5258
E12000003,Yorkshire and The Humber,region,2020-10-16,5225
E12000003,Yorkshire and The Humber,region,2020-10-15,5205
E12000003,Yorkshire and The Humber,region,2020-10-14,5191
E12000003,Yorkshire and The Humber,region,2020-10-13,5175
E12000003,Yorkshire and The Humber,region,2020-10-12,5164
E12000003,Yorkshire and The Humber,region,2020-10-11,5149
E12000003,Yorkshire and The Humber,region,2020-10-10,5136
E12000003,Yorkshire and The Humber,region,2020-10-09,5121
E12000003,Yorkshire and The Humber,region,2020-10-08,5108
E12000003,Yorkshire and The Humber,region,2020-10-07,5098
E12000003,Yorkshire and The Humber,region,2020-10-06,5082
E12000003,Yorkshire and The Humber,region,2020-10-05,5072
E12000003,Yorkshire and The Humber,region,2020-10-04,5062
E12000003,Yorkshire and The Humber,region,2020-10-03,5056
E12000003,Yorkshire and The Humber,region,2020-10-02,5049
E12000003,Yorkshire and The Humber,region,2020-10-01,5041
E12000003,Yorkshire and The Humber,region,2020-09-30,5035
E12000003,Yorkshire and The Humber,region,2020-09-29,5031
E12000003,Yorkshire and The Humber,region,2020-09-28,5026
E12000003,Yorkshire and The Humber,region,2020-09-27,5024
E12000003,Yorkshire and The Humber,region,2020-09-26,5019
E12000003,Yorkshire and The Humber,region,2020-09-25,5013
E12000003,Yorkshire and The Humber,region,2020-09-24,5009
E12000003,Yorkshire and The Humber,region,2020-09-23,5004
E12000003,Yorkshire and The Humber,region,2020-09-22,5000
E12000003,Yorkshire and The Humber,region,2020-09-21,4996
E12000003,Yorkshire and The Humber,region,2020-09-20,4991
E12000003,Yorkshire and The Humber,region,2020-09-19,4984
E12000003,Yorkshire and The Humber,region,2020-09-18,4981
E12000003,Yorkshire and The Humber,region,2020-09-17,4978
E12000003,Yorkshire and The Humber,region,2020-09-16,4975
E12000003,Yorkshire and The Humber,region,2020-09-15,4973
E12000003,Yorkshire and The Humber,region,2020-09-14,4970
E12000003,Yorkshire and The Humber,region,2020-09-13,4967
E12000003,Yorkshire and The Humber,region,2020-09-12,4963
E12000003,Yorkshire and The Humber,region,2020-09-11,4960
E12000003,Yorkshire and The Humber,region,2020-09-10,4957
E12000003,Yorkshire and The Humber,region,2020-09-09,4955
E12000003,Yorkshire and The Humber,region,2020-09-08,4952
E12000003,Yorkshire and The Humber,region,2020-09-07,4949
E12000003,Yorkshire and The Humber,region,2020-09-06,4948
E12000003,Yorkshire and The Humber,region,2020-09-05,4945
E12000003,Yorkshire and The Humber,region,2020-09-04,4941
E12000003,Yorkshire and The Humber,region,2020-09-03,4940
E12000003,Yorkshire and The Humber,region,2020-09-02,4940
E12000003,Yorkshire and The Humber,region,2020-09-01,4936
E12000003,Yorkshire and The Humber,region,2020-08-31,4934
E12000003,Yorkshire and The Humber,region,2020-08-30,4933
E12000003,Yorkshire and The Humber,region,2020-08-29,4933
E12000003,Yorkshire and The Humber,region,2020-08-28,4931
E12000003,Yorkshire and The Humber,region,2020-08-27,4930
E12000003,Yorkshire and The Humber,region,2020-08-26,4928
E12000003,Yorkshire and The Humber,region,2020-08-25,4926
E12000003,Yorkshire and The Humber,region,2020-08-24,4924
E12000003,Yorkshire and The Humber,region,2020-08-23,4922
E12000003,Yorkshire and The Humber,region,2020-08-22,4919
E12000003,Yorkshire and The Humber,region,2020-08-21,4917
E12000003,Yorkshire and The Humber,region,2020-08-20,4914
E12000003,Yorkshire and The Humber,region,2020-08-19,4910
E12000003,Yorkshire and The Humber,region,2020-08-18,4909
E12000003,Yorkshire and The Humber,region,2020-08-17,4908
E12000003,Yorkshire and The Humber,region,2020-08-16,4904
E12000003,Yorkshire and The Humber,region,2020-08-15,4903
E12000003,Yorkshire and The Humber,region,2020-08-14,4901
E12000003,Yorkshire and The Humber,region,2020-08-13,4901
E12000003,Yorkshire and The Humber,region,2020-08-12,4900
E12000003,Yorkshire and The Humber,region,2020-08-11,4899
E12000003,Yorkshire and The Humber,region,2020-08-10,4897
E12000003,Yorkshire and The Humber,region,2020-08-09,4894
E12000003,Yorkshire and The Humber,region,2020-08-08,4890
E12000003,Yorkshire and The Humber,region,2020-08-07,4890
E12000003,Yorkshire and The Humber,region,2020-08-06,4890
E12000003,Yorkshire and The Humber,region,2020-08-05,4887
E12000003,Yorkshire and The Humber,region,2020-08-04,4886
E12000003,Yorkshire and The Humber,region,2020-08-03,4884
E12000003,Yorkshire and The Humber,region,2020-08-02,4882
E12000003,Yorkshire and The Humber,region,2020-08-01,4881
E12000003,Yorkshire and The Humber,region,2020-07-31,4876
E12000003,Yorkshire and The Humber,region,2020-07-30,4874
E12000003,Yorkshire and The Humber,region,2020-07-29,4873
E12000003,Yorkshire and The Humber,region,2020-07-28,4871
E12000003,Yorkshire and The Humber,region,2020-07-27,4868
E12000003,Yorkshire and The Humber,region,2020-07-26,4865
E12000003,Yorkshire and The Humber,region,2020-07-25,4861
E12000003,Yorkshire and The Humber,region,2020-07-24,4857
E12000003,Yorkshire and The Humber,region,2020-07-23,4853
E12000003,Yorkshire and The Humber,region,2020-07-22,4849
E12000003,Yorkshire and The Humber,region,2020-07-21,4843
E12000003,Yorkshire and The Humber,region,2020-07-20,4839
E12000003,Yorkshire and The Humber,region,2020-07-19,4836
E12000003,Yorkshire and The Humber,region,2020-07-18,4834
E12000003,Yorkshire and The Humber,region,2020-07-17,4828
E12000003,Yorkshire and The Humber,region,2020-07-16,4827
E12000003,Yorkshire and The Humber,region,2020-07-15,4826
E12000003,Yorkshire and The Humber,region,2020-07-14,4821
E12000003,Yorkshire and The Humber,region,2020-07-13,4816
E12000003,Yorkshire and The Humber,region,2020-07-12,4811
E12000003,Yorkshire and The Humber,region,2020-07-11,4806
E12000003,Yorkshire and The Humber,region,2020-07-10,4804
E12000003,Yorkshire and The Humber,region,2020-07-09,4798
E12000003,Yorkshire and The Humber,region,2020-07-08,4797
E12000003,Yorkshire and The Humber,region,2020-07-07,4789
E12000003,Yorkshire and The Humber,region,2020-07-06,4784
E12000003,Yorkshire and The Humber,region,2020-07-05,4780
E12000003,Yorkshire and The Humber,region,2020-07-04,4773
E12000003,Yorkshire and The Humber,region,2020-07-03,4765
E12000003,Yorkshire and The Humber,region,2020-07-02,4758
E12000003,Yorkshire and The Humber,region,2020-07-01,4749
E12000003,Yorkshire and The Humber,region,2020-06-30,4744
E12000003,Yorkshire and The Humber,region,2020-06-29,4729
E12000003,Yorkshire and The Humber,region,2020-06-28,4724
E12000003,Yorkshire and The Humber,region,2020-06-27,4718
E12000003,Yorkshire and The Humber,region,2020-06-26,4711
E12000003,Yorkshire and The Humber,region,2020-06-25,4702
E12000003,Yorkshire and The Humber,region,2020-06-24,4695
E12000003,Yorkshire and The Humber,region,2020-06-23,4676
E12000003,Yorkshire and The Humber,region,2020-06-22,4666
E12000003,Yorkshire and The Humber,region,2020-06-21,4657
E12000003,Yorkshire and The Humber,region,2020-06-20,4649
E12000003,Yorkshire and The Humber,region,2020-06-19,4638
E12000003,Yorkshire and The Humber,region,2020-06-18,4634
E12000003,Yorkshire and The Humber,region,2020-06-17,4623
E12000003,Yorkshire and The Humber,region,2020-06-16,4611
E12000003,Yorkshire and The Humber,region,2020-06-15,4602
E12000003,Yorkshire and The Humber,region,2020-06-14,4588
E12000003,Yorkshire and The Humber,region,2020-06-13,4570
E12000003,Yorkshire and The Humber,region,2020-06-12,4556
E12000003,Yorkshire and The Humber,region,2020-06-11,4539
E12000003,Yorkshire and The Humber,region,2020-06-10,4520
E12000003,Yorkshire and The Humber,region,2020-06-09,4499
E12000003,Yorkshire and The Humber,region,2020-06-08,4480
E12000003,Yorkshire and The Humber,region,2020-06-07,4461
E12000003,Yorkshire and The Humber,region,2020-06-06,4446
E12000003,Yorkshire and The Humber,region,2020-06-05,4425
E12000003,Yorkshire and The Humber,region,2020-06-04,4403
E12000003,Yorkshire and The Humber,region,2020-06-03,4382
E12000003,Yorkshire and The Humber,region,2020-06-02,4357
E12000003,Yorkshire and The Humber,region,2020-06-01,4326
E12000003,Yorkshire and The Humber,region,2020-05-31,4296
E12000003,Yorkshire and The Humber,region,2020-05-30,4270
E12000003,Yorkshire and The Humber,region,2020-05-29,4239
E12000003,Yorkshire and The Humber,region,2020-05-28,4212
E12000003,Yorkshire and The Humber,region,2020-05-27,4180
E12000003,Yorkshire and The Humber,region,2020-05-26,4145
E12000003,Yorkshire and The Humber,region,2020-05-25,4119
E12000003,Yorkshire and The Humber,region,2020-05-24,4081
E12000003,Yorkshire and The Humber,region,2020-05-23,4045
E12000003,Yorkshire and The Humber,region,2020-05-22,4017
E12000003,Yorkshire and The Humber,region,2020-05-21,3980
E12000003,Yorkshire and The Humber,region,2020-05-20,3945
E12000003,Yorkshire and The Humber,region,2020-05-19,3908
E12000003,Yorkshire and The Humber,region,2020-05-18,3868
E12000003,Yorkshire and The Humber,region,2020-05-17,3833
E12000003,Yorkshire and The Humber,region,2020-05-16,3798
E12000003,Yorkshire and The Humber,region,2020-05-15,3753
E12000003,Yorkshire and The Humber,region,2020-05-14,3702
E12000003,Yorkshire and The Humber,region,2020-05-13,3659
E12000003,Yorkshire and The Humber,region,2020-05-12,3610
E12000003,Yorkshire and The Humber,region,2020-05-11,3571
E12000003,Yorkshire and The Humber,region,2020-05-10,3531
E12000003,Yorkshire and The Humber,region,2020-05-09,3473
E12000003,Yorkshire and The Humber,region,2020-05-08,3412
E12000003,Yorkshire and The Humber,region,2020-05-07,3348
E12000003,Yorkshire and The Humber,region,2020-05-06,3279
E12000003,Yorkshire and The Humber,region,2020-05-05,3212
E12000003,Yorkshire and The Humber,region,2020-05-04,3151
E12000003,Yorkshire and The Humber,region,2020-05-03,3077
E12000003,Yorkshire and The Humber,region,2020-05-02,3015
E12000003,Yorkshire and The Humber,region,2020-05-01,2947
E12000003,Yorkshire and The Humber,region,2020-04-30,2870
E12000003,Yorkshire and The Humber,region,2020-04-29,2789
E12000003,Yorkshire and The Humber,region,2020-04-28,2687
E12000003,Yorkshire and The Humber,region,2020-04-27,2608
E12000003,Yorkshire and The Humber,region,2020-04-26,2517
E12000003,Yorkshire and The Humber,region,2020-04-25,2436
E12000003,Yorkshire and The Humber,region,2020-04-24,2357
E12000003,Yorkshire and The Humber,region,2020-04-23,2259
E12000003,Yorkshire and The Humber,region,2020-04-22,2167
E12000003,Yorkshire and The Humber,region,2020-04-21,2059
E12000003,Yorkshire and The Humber,region,2020-04-20,1961
E12000003,Yorkshire and The Humber,region,2020-04-19,1860
E12000003,Yorkshire and The Humber,region,2020-04-18,1759
E12000003,Yorkshire and The Humber,region,2020-04-17,1664
E12000003,Yorkshire and The Humber,region,2020-04-16,1548
E12000003,Yorkshire and The Humber,region,2020-04-15,1427
E12000003,Yorkshire and The Humber,region,2020-04-14,1318
E12000003,Yorkshire and The Humber,region,2020-04-13,1225
E12000003,Yorkshire and The Humber,region,2020-04-12,1138
E12000003,Yorkshire and The Humber,region,2020-04-11,1046
E12000003,Yorkshire and The Humber,region,2020-04-10,969
E12000003,Yorkshire and The Humber,region,2020-04-09,866
E12000003,Yorkshire and The Humber,region,2020-04-08,766
E12000003,Yorkshire and The Humber,region,2020-04-07,664
E12000003,Yorkshire and The Humber,region,2020-04-06,581
E12000003,Yorkshire and The Humber,region,2020-04-05,509
E12000003,Yorkshire and The Humber,region,2020-04-04,441
E12000003,Yorkshire and The Humber,region,2020-04-03,365
E12000003,Yorkshire and The Humber,region,2020-04-02,300
E12000003,Yorkshire and The Humber,region,2020-04-01,245
E12000003,Yorkshire and The Humber,region,2020-03-31,203
E12000003,Yorkshire and The Humber,region,2020-03-30,161
E12000003,Yorkshire and The Humber,region,2020-03-29,129
E12000003,Yorkshire and The Humber,region,2020-03-28,97
E12000003,Yorkshire and The Humber,region,2020-03-27,72
E12000003,Yorkshire and The Humber,region,2020-03-26,52
E12000003,Yorkshire and The Humber,region,2020-03-25,36
E12000003,Yorkshire and The Humber,region,2020-03-24,28
E12000003,Yorkshire and The Humber,region,2020-03-23,21
E12000003,Yorkshire and The Humber,region,2020-03-22,15
E12000003,Yorkshire and The Humber,region,2020-03-21,13
E12000003,Yorkshire and The Humber,region,2020-03-20,11
E12000003,Yorkshire and The Humber,region,2020-03-19,9
E12000003,Yorkshire and The Humber,region,2020-03-18,8
E12000003,Yorkshire and The Humber,region,2020-03-17,6
E12000003,Yorkshire and The Humber,region,2020-03-16,4
E12000003,Yorkshire and The Humber,region,2020-03-15,2
E12000004,East Midlands,region,2022-12-02,16583
E12000004,East Midlands,region,2022-12-01,16579
E12000004,East Midlands,region,2022-11-30,16575
E12000004,East Midlands,region,2022-11-29,16569
E12000004,East Midlands,region,2022-11-28,16566
E12000004,East Midlands,region,2022-11-27,16559
E12000004,East Midlands,region,2022-11-26,16555
E12000004,East Midlands,region,2022-11-25,16553
E12000004,East Midlands,region,2022-11-24,16544
E12000004,East Midlands,region,2022-11-23,16540
E12000004,East Midlands,region,2022-11-22,16535
E12000004,East Midlands,region,2022-11-21,16528
E12000004,East Midlands,region,2022-11-20,16524
E12000004,East Midlands,region,2022-11-19,16520
E12000004,East Midlands,region,2022-11-18,16520
E12000004,East Midlands,region,2022-11-17,16515
E12000004,East Midlands,region,2022-11-16,16510
E12000004,East Midlands,region,2022-11-15,16508
E12000004,East Midlands,region,2022-11-14,16504
E12000004,East Midlands,region,2022-11-13,16502
E12000004,East Midlands,region,2022-11-12,16498
E12000004,East Midlands,region,2022-11-11,16497
E12000004,East Midlands,region,2022-11-10,16491
E12000004,East Midlands,region,2022-11-09,16487
E12000004,East Midlands,region,2022-11-08,16480
E12000004,East Midlands,region,2022-11-07,16474
E12000004,East Midlands,region,2022-11-06,16464
E12000004,East Midlands,region,2022-11-05,16455
E12000004,East Midlands,region,2022-11-04,16448
E12000004,East Midlands,region,2022-11-03,16438
E12000004,East Midlands,region,2022-11-02,16433
E12000004,East Midlands,region,2022-11-01,16423
E12000004,East Midlands,region,2022-10-31,16416
E12000004,East Midlands,region,2022-10-30,16403
E12000004,East Midlands,region,2022-10-29,16395
E12000004,East Midlands,region,2022-10-28,16388
E12000004,East Midlands,region,2022-10-27,16380
E12000004,East Midlands,region,2022-10-26,16370
E12000004,East Midlands,region,2022-10-25,16360
E12000004,East Midlands,region,2022-10-24,16355
E12000004,East Midlands,region,2022-10-23,16347
E12000004,East Midlands,region,2022-10-22,16337
E12000004,East Midlands,region,2022-10-21,16326
E12000004,East Midlands,region,2022-10-20,16311
E12000004,East Midlands,region,2022-10-19,16302
E12000004,East Midlands,region,2022-10-18,16296
E12000004,East Midlands,region,2022-10-17,16289
E12000004,East Midlands,region,2022-10-16,16280
E12000004,East Midlands,region,2022-10-15,16268
E12000004,East Midlands,region,2022-10-14,16265
E12000004,East Midlands,region,2022-10-13,16258
E12000004,East Midlands,region,2022-10-12,16248
E12000004,East Midlands,region,2022-10-11,16243
E12000004,East Midlands,region,2022-10-10,16236
E12000004,East Midlands,region,2022-10-09,16226
E12000004,East Midlands,region,2022-10-08,16210
E12000004,East Midlands,region,2022-10-07,16204
E12000004,East Midlands,region,2022-10-06,16197
E12000004,East Midlands,region,2022-10-05,16188
E12000004,East Midlands,region,2022-10-04,16176
E12000004,East Midlands,region,2022-10-03,16171
E12000004,East Midlands,region,2022-10-02,16163
E12000004,East Midlands,region,2022-10-01,16156
E12000004,East Midlands,region,2022-09-30,16153
E12000004,East Midlands,region,2022-09-29,16146
E12000004,East Midlands,region,2022-09-28,16140
E12000004,East Midlands,region,2022-09-27,16137
E12000004,East Midlands,region,2022-09-26,16128
E12000004,East Midlands,region,2022-09-25,16122
E12000004,East Midlands,region,2022-09-24,16119
E12000004,East Midlands,region,2022-09-23,16115
E12000004,East Midlands,region,2022-09-22,16113
E12000004,East Midlands,region,2022-09-21,16104
E12000004,East Midlands,region,2022-09-20,16103
E12000004,East Midlands,region,2022-09-19,16101
E12000004,East Midlands,region,2022-09-18,16096
E12000004,East Midlands,region,2022-09-17,16095
E12000004,East Midlands,region,2022-09-16,16094
E12000004,East Midlands,region,2022-09-15,16091
E12000004,East Midlands,region,2022-09-14,16087
E12000004,East Midlands,region,2022-09-13,16083
E12000004,East Midlands,region,2022-09-12,16077
E12000004,East Midlands,region,2022-09-11,16072
E12000004,East Midlands,region,2022-09-10,16069
E12000004,East Midlands,region,2022-09-09,16068
E12000004,East Midlands,region,2022-09-08,16063
E12000004,East Midlands,region,2022-09-07,16062
E12000004,East Midlands,region,2022-09-06,16057
E12000004,East Midlands,region,2022-09-05,16056
E12000004,East Midlands,region,2022-09-04,16054
E12000004,East Midlands,region,2022-09-03,16050
E12000004,East Midlands,region,2022-09-02,16046
E12000004,East Midlands,region,2022-09-01,16043
E12000004,East Midlands,region,2022-08-31,16037
E12000004,East Midlands,region,2022-08-30,16029
E12000004,East Midlands,region,2022-08-29,16025
E12000004,East Midlands,region,2022-08-28,16020
E12000004,East Midlands,region,2022-08-27,16014
E12000004,East Midlands,region,2022-08-26,16006
E12000004,East Midlands,region,2022-08-25,16003
E12000004,East Midlands,region,2022-08-24,15996
E12000004,East Midlands,region,2022-08-23,15992
E12000004,East Midlands,region,2022-08-22,15985
E12000004,East Midlands,region,2022-08-21,15978
E12000004,East Midlands,region,2022-08-20,15972
E12000004,East Midlands,region,2022-08-19,15968
E12000004,East Midlands,region,2022-08-18,15962
E12000004,East Midlands,region,2022-08-17,15954
E12000004,East Midlands,region,2022-08-16,15947
E12000004,East Midlands,region,2022-08-15,15938
E12000004,East Midlands,region,2022-08-14,15932
E12000004,East Midlands,region,2022-08-13,15922
E12000004,East Midlands,region,2022-08-12,15916
E12000004,East Midlands,region,2022-08-11,15911
E12000004,East Midlands,region,2022-08-10,15899
E12000004,East Midlands,region,2022-08-09,15893
E12000004,East Midlands,region,2022-08-08,15890
E12000004,East Midlands,region,2022-08-07,15882
E12000004,East Midlands,region,2022-08-06,15875
E12000004,East Midlands,region,2022-08-05,15870
E12000004,East Midlands,region,2022-08-04,15862
E12000004,East Midlands,region,2022-08-03,15857
E12000004,East Midlands,region,2022-08-02,15846
E12000004,East Midlands,region,2022-08-01,15840
E12000004,East Midlands,region,2022-07-31,15835
E12000004,East Midlands,region,2022-07-30,15826
E12000004,East Midlands,region,2022-07-29,15819
E12000004,East Midlands,region,2022-07-28,15811
E12000004,East Midlands,region,2022-07-27,15801
E12000004,East Midlands,region,2022-07-26,15791
E12000004,East Midlands,region,2022-07-25,15775
E12000004,East Midlands,region,2022-07-24,15765
E12000004,East Midlands,region,2022-07-23,15755
E12000004,East Midlands,region,2022-07-22,15742
E12000004,East Midlands,region,2022-07-21,15729
E12000004,East Midlands,region,2022-07-20,15722
E12000004,East Midlands,region,2022-07-19,15700
E12000004,East Midlands,region,2022-07-18,15679
E12000004,East Midlands,region,2022-07-17,15665
E12000004,East Midlands,region,2022-07-16,15647
E12000004,East Midlands,region,2022-07-15,15640
E12000004,East Midlands,region,2022-07-14,15630
E12000004,East Midlands,region,2022-07-13,15619
E12000004,East Midlands,region,2022-07-12,15611
E12000004,East Midlands,region,2022-07-11,15601
E12000004,East Midlands,region,2022-07-10,15594
E12000004,East Midlands,region,2022-07-09,15585
E12000004,East Midlands,region,2022-07-08,15576
E12000004,East Midlands,region,2022-07-07,15563
E12000004,East Midlands,region,2022-07-06,15556
E12000004,East Midlands,region,2022-07-05,15552
E12000004,East Midlands,region,2022-07-04,15545
E12000004,East Midlands,region,2022-07-03,15538
E12000004,East Midlands,region,2022-07-02,15531
E12000004,East Midlands,region,2022-07-01,15529
E12000004,East Midlands,region,2022-06-30,15522
E12000004,East Midlands,region,2022-06-29,15519
E12000004,East Midlands,region,2022-06-28,15511
E12000004,East Midlands,region,2022-06-27,15504
E12000004,East Midlands,region,2022-06-26,15497
E12000004,East Midlands,region,2022-06-25,15489
E12000004,East Midlands,region,2022-06-24,15483
E12000004,East Midlands,region,2022-06-23,15478
E12000004,East Midlands,region,2022-06-22,15474
E12000004,East Midlands,region,2022-06-21,15473
E12000004,East Midlands,region,2022-06-20,15472
E12000004,East Midlands,region,2022-06-19,15469
E12000004,East Midlands,region,2022-06-18,15464
E12000004,East Midlands,region,2022-06-17,15459
E12000004,East Midlands,region,2022-06-16,15454
E12000004,East Midlands,region,2022-06-15,15452
E12000004,East Midlands,region,2022-06-14,15449
E12000004,East Midlands,region,2022-06-13,15445
E12000004,East Midlands,region,2022-06-12,15442
E12000004,East Midlands,region,2022-06-11,15438
E12000004,East Midlands,region,2022-06-10,15438
E12000004,East Midlands,region,2022-06-09,15435
E12000004,East Midlands,region,2022-06-08,15433
E12000004,East Midlands,region,2022-06-07,15431
E12000004,East Midlands,region,2022-06-06,15428
E12000004,East Midlands,region,2022-06-05,15423
E12000004,East Midlands,region,2022-06-04,15420
E12000004,East Midlands,region,2022-06-03,15419
E12000004,East Midlands,region,2022-06-02,15418
E12000004,East Midlands,region,2022-06-01,15415
E12000004,East Midlands,region,2022-05-31,15414
E12000004,East Midlands,region,2022-05-30,15411
E12000004,East Midlands,region,2022-05-29,15410
E12000004,East Midlands,region,2022-05-28,15409
E12000004,East Midlands,region,2022-05-27,15406
E12000004,East Midlands,region,2022-05-26,15403
E12000004,East Midlands,region,2022-05-25,15398
E12000004,East Midlands,region,2022-05-24,15396
E12000004,East Midlands,region,2022-05-23,15390
E12000004,East Midlands,region,2022-05-22,15382
E12000004,East Midlands,region,2022-05-21,15373
E12000004,East Midlands,region,2022-05-20,15371
E12000004,East Midlands,region,2022-05-19,15365
E12000004,East Midlands,region,2022-05-18,15363
E12000004,East Midlands,region,2022-05-17,15354
E12000004,East Midlands,region,2022-05-16,15347
E12000004,East Midlands,region,2022-05-15,15341
E12000004,East Midlands,region,2022-05-14,15336
E12000004,East Midlands,region,2022-05-13,15327
E12000004,East Midlands,region,2022-05-12,15325
E12000004,East Midlands,region,2022-05-11,15319
E12000004,East Midlands,region,2022-05-10,15313
E12000004,East Midlands,region,2022-05-09,15306
E12000004,East Midlands,region,2022-05-08,15293
E12000004,East Midlands,region,2022-05-07,15289
E12000004,East Midlands,region,2022-05-06,15278
E12000004,East Midlands,region,2022-05-05,15272
E12000004,East Midlands,region,2022-05-04,15265
E12000004,East Midlands,region,2022-05-03,15258
E12000004,East Midlands,region,2022-05-02,15251
E12000004,East Midlands,region,2022-05-01,15237
E12000004,East Midlands,region,2022-04-30,15230
E12000004,East Midlands,region,2022-04-29,15223
E12000004,East Midlands,region,2022-04-28,15218
E12000004,East Midlands,region,2022-04-27,15209
E12000004,East Midlands,region,2022-04-26,15201
E12000004,East Midlands,region,2022-04-25,15195
E12000004,East Midlands,region,2022-04-24,15187
E12000004,East Midlands,region,2022-04-23,15176
E12000004,East Midlands,region,2022-04-22,15163
E12000004,East Midlands,region,2022-04-21,15152
E12000004,East Midlands,region,2022-04-20,15141
E12000004,East Midlands,region,2022-04-19,15131
E12000004,East Midlands,region,2022-04-18,15116
E12000004,East Midlands,region,2022-04-17,15105
E12000004,East Midlands,region,2022-04-16,15094
E12000004,East Midlands,region,2022-04-15,15082
E12000004,East Midlands,region,2022-04-14,15068
E12000004,East Midlands,region,2022-04-13,15051
E12000004,East Midlands,region,2022-04-12,15034
E12000004,East Midlands,region,2022-04-11,15019
E12000004,East Midlands,region,2022-04-10,15000
E12000004,East Midlands,region,2022-04-09,14986
E12000004,East Midlands,region,2022-04-08,14975
E12000004,East Midlands,region,2022-04-07,14960
E12000004,East Midlands,region,2022-04-06,14940
E12000004,East Midlands,region,2022-04-05,14924
E12000004,East Midlands,region,2022-04-04,14906
E12000004,East Midlands,region,2022-04-03,14892
E12000004,East Midlands,region,2022-04-02,14880
E12000004,East Midlands,region,2022-04-01,14867
E12000004,East Midlands,region,2022-03-31,14850
E12000004,East Midlands,region,2022-03-30,14838
E12000004,East Midlands,region,2022-03-29,14828
E12000004,East Midlands,region,2022-03-28,14817
E12000004,East Midlands,region,2022-03-27,14804
E12000004,East Midlands,region,2022-03-26,14790
E12000004,East Midlands,region,2022-03-25,14781
E12000004,East Midlands,region,2022-03-24,14770
E12000004,East Midlands,region,2022-03-23,14756
E12000004,East Midlands,region,2022-03-22,14743
E12000004,East Midlands,region,2022-03-21,14736
E12000004,East Midlands,region,2022-03-20,14722
E12000004,East Midlands,region,2022-03-19,14713
E12000004,East Midlands,region,2022-03-18,14701
E12000004,East Midlands,region,2022-03-17,14689
E12000004,East Midlands,region,2022-03-16,14680
E12000004,East Midlands,region,2022-03-15,14677
E12000004,East Midlands,region,2022-03-14,14667
E12000004,East Midlands,region,2022-03-13,14651
E12000004,East Midlands,region,2022-03-12,14644
E12000004,East Midlands,region,2022-03-11,14637
E12000004,East Midlands,region,2022-03-10,14622
E12000004,East Midlands,region,2022-03-09,14616
E12000004,East Midlands,region,2022-03-08,14607
E12000004,East Midlands,region,2022-03-07,14600
E12000004,East Midlands,region,2022-03-06,14589
E12000004,East Midlands,region,2022-03-05,14579
E12000004,East Midlands,region,2022-03-04,14572
E12000004,East Midlands,region,2022-03-03,14563
E12000004,East Midlands,region,2022-03-02,14557
E12000004,East Midlands,region,2022-03-01,14547
E12000004,East Midlands,region,2022-02-28,14543
E12000004,East Midlands,region,2022-02-27,14537
E12000004,East Midlands,region,2022-02-26,14529
E12000004,East Midlands,region,2022-02-25,14520
E12000004,East Midlands,region,2022-02-24,14508
E12000004,East Midlands,region,2022-02-23,14500
E12000004,East Midlands,region,2022-02-22,14495
E12000004,East Midlands,region,2022-02-21,14482
E12000004,East Midlands,region,2022-02-20,14470
E12000004,East Midlands,region,2022-02-19,14462
E12000004,East Midlands,region,2022-02-18,14447
E12000004,East Midlands,region,2022-02-17,14437
E12000004,East Midlands,region,2022-02-16,14429
E12000004,East Midlands,region,2022-02-15,14418
E12000004,East Midlands,region,2022-02-14,14410
E12000004,East Midlands,region,2022-02-13,14399
E12000004,East Midlands,region,2022-02-12,14392
E12000004,East Midlands,region,2022-02-11,14374
E12000004,East Midlands,region,2022-02-10,14363
E12000004,East Midlands,region,2022-02-09,14353
E12000004,East Midlands,region,2022-02-08,14343
E12000004,East Midlands,region,2022-02-07,14332
E12000004,East Midlands,region,2022-02-06,14328
E12000004,East Midlands,region,2022-02-05,14322
E12000004,East Midlands,region,2022-02-04,14312
E12000004,East Midlands,region,2022-02-03,14292
E12000004,East Midlands,region,2022-02-02,14274
E12000004,East Midlands,region,2022-02-01,14250
E12000004,East Midlands,region,2022-01-31,14232
E12000004,East Midlands,region,2022-01-30,14215
E12000004,East Midlands,region,2022-01-29,14201
E12000004,East Midlands,region,2022-01-28,14192
E12000004,East Midlands,region,2022-01-27,14177
E12000004,East Midlands,region,2022-01-26,14156
E12000004,East Midlands,region,2022-01-25,14131
E12000004,East Midlands,region,2022-01-24,14116
E12000004,East Midlands,region,2022-01-23,14101
E12000004,East Midlands,region,2022-01-22,14080
E12000004,East Midlands,region,2022-01-21,14057
E12000004,East Midlands,region,2022-01-20,14037
E12000004,East Midlands,region,2022-01-19,14025
E12000004,East Midlands,region,2022-01-18,14008
E12000004,East Midlands,region,2022-01-17,13985
E12000004,East Midlands,region,2022-01-16,13970
E12000004,East Midlands,region,2022-01-15,13953
E12000004,East Midlands,region,2022-01-14,13937
E12000004,East Midlands,region,2022-01-13,13922
E12000004,East Midlands,region,2022-01-12,13906
E12000004,East Midlands,region,2022-01-11,13892
E12000004,East Midlands,region,2022-01-10,13868
E12000004,East Midlands,region,2022-01-09,13849
E12000004,East Midlands,region,2022-01-08,13830
E12000004,East Midlands,region,2022-01-07,13814
E12000004,East Midlands,region,2022-01-06,13794
E12000004,East Midlands,region,2022-01-05,13779
E12000004,East Midlands,region,2022-01-04,13765
E12000004,East Midlands,region,2022-01-03,13745
E12000004,East Midlands,region,2022-01-02,13736
E12000004,East Midlands,region,2022-01-01,13724
E12000004,East Midlands,region,2021-12-31,13708
E12000004,East Midlands,region,2021-12-30,13692
E12000004,East Midlands,region,2021-12-29,13679
E12000004,East Midlands,region,2021-12-28,13670
E12000004,East Midlands,region,2021-12-27,13652
E12000004,East Midlands,region,2021-12-26,13638
E12000004,East Midlands,region,2021-12-25,13626
E12000004,East Midlands,region,2021-12-24,13619
E12000004,East Midlands,region,2021-12-23,13609
E12000004,East Midlands,region,2021-12-22,13596
E12000004,East Midlands,region,2021-12-21,13581
E12000004,East Midlands,region,2021-12-20,13571
E12000004,East Midlands,region,2021-12-19,13555
E12000004,East Midlands,region,2021-12-18,13547
E12000004,East Midlands,region,2021-12-17,13533
E12000004,East Midlands,region,2021-12-16,13518
E12000004,East Midlands,region,2021-12-15,13510
E12000004,East Midlands,region,2021-12-14,13503
E12000004,East Midlands,region,2021-12-13,13493
E12000004,East Midlands,region,2021-12-12,13483
E12000004,East Midlands,region,2021-12-11,13467
E12000004,East Midlands,region,2021-12-10,13455
E12000004,East Midlands,region,2021-12-09,13444
E12000004,East Midlands,region,2021-12-08,13438
E12000004,East Midlands,region,2021-12-07,13429
E12000004,East Midlands,region,2021-12-06,13417
E12000004,East Midlands,region,2021-12-05,13400
E12000004,East Midlands,region,2021-12-04,13388
E12000004,East Midlands,region,2021-12-03,13376
E12000004,East Midlands,region,2021-12-02,13363
E12000004,East Midlands,region,2021-12-01,13348
E12000004,East Midlands,region,2021-11-30,13336
E12000004,East Midlands,region,2021-11-29,13326
E12000004,East Midlands,region,2021-11-28,13304
E12000004,East Midlands,region,2021-11-27,13292
E12000004,East Midlands,region,2021-11-26,13281
E12000004,East Midlands,region,2021-11-25,13272
E12000004,East Midlands,region,2021-11-24,13260
E12000004,East Midlands,region,2021-11-23,13250
E12000004,East Midlands,region,2021-11-22,13230
E12000004,East Midlands,region,2021-11-21,13223
E12000004,East Midlands,region,2021-11-20,13213
E12000004,East Midlands,region,2021-11-19,13202
E12000004,East Midlands,region,2021-11-18,13190
E12000004,East Midlands,region,2021-11-17,13169
E12000004,East Midlands,region,2021-11-16,13156
E12000004,East Midlands,region,2021-11-15,13142
E12000004,East Midlands,region,2021-11-14,13121
E12000004,East Midlands,region,2021-11-13,13112
E12000004,East Midlands,region,2021-11-12,13100
E12000004,East Midlands,region,2021-11-11,13087
E12000004,East Midlands,region,2021-11-10,13077
E12000004,East Midlands,region,2021-11-09,13066
E12000004,East Midlands,region,2021-11-08,13058
E12000004,East Midlands,region,2021-11-07,13042
E12000004,East Midlands,region,2021-11-06,13029
E12000004,East Midlands,region,2021-11-05,13019
E12000004,East Midlands,region,2021-11-04,13010
E12000004,East Midlands,region,2021-11-03,13002
E12000004,East Midlands,region,2021-11-02,12992
E12000004,East Midlands,region,2021-11-01,12979
E12000004,East Midlands,region,2021-10-31,12962
E12000004,East Midlands,region,2021-10-30,12943
E12000004,East Midlands,region,2021-10-29,12935
E12000004,East Midlands,region,2021-10-28,12925
E12000004,East Midlands,region,2021-10-27,12910
E12000004,East Midlands,region,2021-10-26,12894
E12000004,East Midlands,region,2021-10-25,12884
E12000004,East Midlands,region,2021-10-24,12874
E12000004,East Midlands,region,2021-10-23,12861
E12000004,East Midlands,region,2021-10-22,12847
E12000004,East Midlands,region,2021-10-21,12841
E12000004,East Midlands,region,2021-10-20,12834
E12000004,East Midlands,region,2021-10-19,12819
E12000004,East Midlands,region,2021-10-18,12804
E12000004,East Midlands,region,2021-10-17,12791
E12000004,East Midlands,region,2021-10-16,12779
E12000004,East Midlands,region,2021-10-15,12771
E12000004,East Midlands,region,2021-10-14,12764
E12000004,East Midlands,region,2021-10-13,12753
E12000004,East Midlands,region,2021-10-12,12741
E12000004,East Midlands,region,2021-10-11,12727
E12000004,East Midlands,region,2021-10-10,12716
E12000004,East Midlands,region,2021-10-09,12708
E12000004,East Midlands,region,2021-10-08,12701
E12000004,East Midlands,region,2021-10-07,12692
E12000004,East Midlands,region,2021-10-06,12682
E12000004,East Midlands,region,2021-10-05,12674
E12000004,East Midlands,region,2021-10-04,12663
E12000004,East Midlands,region,2021-10-03,12653
E12000004,East Midlands,region,2021-10-02,12646
E12000004,East Midlands,region,2021-10-01,12640
E12000004,East Midlands,region,2021-09-30,12629
E12000004,East Midlands,region,2021-09-29,12621
E12000004,East Midlands,region,2021-09-28,12612
E12000004,East Midlands,region,2021-09-27,12600
E12000004,East Midlands,region,2021-09-26,12594
E12000004,East Midlands,region,2021-09-25,12583
E12000004,East Midlands,region,2021-09-24,12574
E12000004,East Midlands,region,2021-09-23,12562
E12000004,East Midlands,region,2021-09-22,12554
E12000004,East Midlands,region,2021-09-21,12539
E12000004,East Midlands,region,2021-09-20,12529
E12000004,East Midlands,region,2021-09-19,12509
E12000004,East Midlands,region,2021-09-18,12498
E12000004,East Midlands,region,2021-09-17,12491
E12000004,East Midlands,region,2021-09-16,12481
E12000004,East Midlands,region,2021-09-15,12469
E12000004,East Midlands,region,2021-09-14,12459
E12000004,East Midlands,region,2021-09-13,12446
E12000004,East Midlands,region,2021-09-12,12441
E12000004,East Midlands,region,2021-09-11,12426
E12000004,East Midlands,region,2021-09-10,12417
E12000004,East Midlands,region,2021-09-09,12404
E12000004,East Midlands,region,2021-09-08,12385
E12000004,East Midlands,region,2021-09-07,12373
E12000004,East Midlands,region,2021-09-06,12362
E12000004,East Midlands,region,2021-09-05,12349
E12000004,East Midlands,region,2021-09-04,12334
E12000004,East Midlands,region,2021-09-03,12318
E12000004,East Midlands,region,2021-09-02,12311
E12000004,East Midlands,region,2021-09-01,12303
E12000004,East Midlands,region,2021-08-31,12292
E12000004,East Midlands,region,2021-08-30,12282
E12000004,East Midlands,region,2021-08-29,12269
E12000004,East Midlands,region,2021-08-28,12253
E12000004,East Midlands,region,2021-08-27,12240
E12000004,East Midlands,region,2021-08-26,12234
E12000004,East Midlands,region,2021-08-25,12222
E12000004,East Midlands,region,2021-08-24,12213
E12000004,East Midlands,region,2021-08-23,12203
E12000004,East Midlands,region,2021-08-22,12198
E12000004,East Midlands,region,2021-08-21,12183
E12000004,East Midlands,region,2021-08-20,12173
E12000004,East Midlands,region,2021-08-19,12165
E12000004,East Midlands,region,2021-08-18,12157
E12000004,East Midlands,region,2021-08-17,12147
E12000004,East Midlands,region,2021-08-16,12138
E12000004,East Midlands,region,2021-08-15,12129
E12000004,East Midlands,region,2021-08-14,12123
E12000004,East Midlands,region,2021-08-13,12114
E12000004,East Midlands,region,2021-08-12,12105
E12000004,East Midlands,region,2021-08-11,12097
E12000004,East Midlands,region,2021-08-10,12091
E12000004,East Midlands,region,2021-08-09,12086
E12000004,East Midlands,region,2021-08-08,12081
E12000004,East Midlands,region,2021-08-07,12077
E12000004,East Midlands,region,2021-08-06,12070
E12000004,East Midlands,region,2021-08-05,12062
E12000004,East Midlands,region,2021-08-04,12050
E12000004,East Midlands,region,2021-08-03,12045
E12000004,East Midlands,region,2021-08-02,12040
E12000004,East Midlands,region,2021-08-01,12036
E12000004,East Midlands,region,2021-07-31,12029
E12000004,East Midlands,region,2021-07-30,12022
E12000004,East Midlands,region,2021-07-29,12014
E12000004,East Midlands,region,2021-07-28,12012
E12000004,East Midlands,region,2021-07-27,12007
E12000004,East Midlands,region,2021-07-26,12001
E12000004,East Midlands,region,2021-07-25,11998
E12000004,East Midlands,region,2021-07-24,11993
E12000004,East Midlands,region,2021-07-23,11990
E12000004,East Midlands,region,2021-07-22,11985
E12000004,East Midlands,region,2021-07-21,11979
E12000004,East Midlands,region,2021-07-20,11974
E12000004,East Midlands,region,2021-07-19,11970
E12000004,East Midlands,region,2021-07-18,11967
E12000004,East Midlands,region,2021-07-17,11962
E12000004,East Midlands,region,2021-07-16,11957
E12000004,East Midlands,region,2021-07-15,11957
E12000004,East Midlands,region,2021-07-14,11955
E12000004,East Midlands,region,2021-07-13,11952
E12000004,East Midlands,region,2021-07-12,11947
E12000004,East Midlands,region,2021-07-11,11945
E12000004,East Midlands,region,2021-07-10,11945
E12000004,East Midlands,region,2021-07-09,11944
E12000004,East Midlands,region,2021-07-08,11942
E12000004,East Midlands,region,2021-07-07,11942
E12000004,East Midlands,region,2021-07-06,11939
E12000004,East Midlands,region,2021-07-05,11938
E12000004,East Midlands,region,2021-07-04,11936
E12000004,East Midlands,region,2021-07-03,11933
E12000004,East Midlands,region,2021-07-02,11931
E12000004,East Midlands,region,2021-07-01,11927
E12000004,East Midlands,region,2021-06-30,11927
E12000004,East Midlands,region,2021-06-29,11925
E12000004,East Midlands,region,2021-06-28,11924
E12000004,East Midlands,region,2021-06-27,11924
E12000004,East Midlands,region,2021-06-26,11923
E12000004,East Midlands,region,2021-06-25,11923
E12000004,East Midlands,region,2021-06-24,11923
E12000004,East Midlands,region,2021-06-23,11922
E12000004,East Midlands,region,2021-06-22,11922
E12000004,East Midlands,region,2021-06-21,11921
E12000004,East Midlands,region,2021-06-20,11921
E12000004,East Midlands,region,2021-06-19,11921
E12000004,East Midlands,region,2021-06-18,11920
E12000004,East Midlands,region,2021-06-17,11920
E12000004,East Midlands,region,2021-06-16,11920
E12000004,East Midlands,region,2021-06-15,11919
E12000004,East Midlands,region,2021-06-14,11917
E12000004,East Midlands,region,2021-06-13,11913
E12000004,East Midlands,region,2021-06-12,11913
E12000004,East Midlands,region,2021-06-11,11912
E12000004,East Midlands,region,2021-06-10,11911
E12000004,East Midlands,region,2021-06-09,11910
E12000004,East Midlands,region,2021-06-08,11909
E12000004,East Midlands,region,2021-06-07,11907
E12000004,East Midlands,region,2021-06-06,11907
E12000004,East Midlands,region,2021-06-05,11907
E12000004,East Midlands,region,2021-06-04,11906
E12000004,East Midlands,region,2021-06-03,11902
E12000004,East Midlands,region,2021-06-02,11899
E12000004,East Midlands,region,2021-06-01,11898
E12000004,East Midlands,region,2021-05-31,11897
E12000004,East Midlands,region,2021-05-30,11896
E12000004,East Midlands,region,2021-05-29,11895
E12000004,East Midlands,region,2021-05-28,11894
E12000004,East Midlands,region,2021-05-27,11893
E12000004,East Midlands,region,2021-05-26,11892
E12000004,East Midlands,region,2021-05-25,11892
E12000004,East Midlands,region,2021-05-24,11892
E12000004,East Midlands,region,2021-05-23,11892
E12000004,East Midlands,region,2021-05-22,11890
E12000004,East Midlands,region,2021-05-21,11889
E12000004,East Midlands,region,2021-05-20,11888
E12000004,East Midlands,region,2021-05-19,11887
E12000004,East Midlands,region,2021-05-18,11887
E12000004,East Midlands,region,2021-05-17,11885
E12000004,East Midlands,region,2021-05-16,11883
E12000004,East Midlands,region,2021-05-15,11882
E12000004,East Midlands,region,2021-05-14,11881
E12000004,East Midlands,region,2021-05-13,11881
E12000004,East Midlands,region,2021-05-12,11880
E12000004,East Midlands,region,2021-05-11,11880
E12000004,East Midlands,region,2021-05-10,11878
E12000004,East Midlands,region,2021-05-09,11878
E12000004,East Midlands,region,2021-05-08,11878
E12000004,East Midlands,region,2021-05-07,11878
E12000004,East Midlands,region,2021-05-06,11877
E12000004,East Midlands,region,2021-05-05,11877
E12000004,East Midlands,region,2021-05-04,11876
E12000004,East Midlands,region,2021-05-03,11876
E12000004,East Midlands,region,2021-05-02,11871
E12000004,East Midlands,region,2021-05-01,11870
E12000004,East Midlands,region,2021-04-30,11869
E12000004,East Midlands,region,2021-04-29,11868
E12000004,East Midlands,region,2021-04-28,11868
E12000004,East Midlands,region,2021-04-27,11866
E12000004,East Midlands,region,2021-04-26,11865
E12000004,East Midlands,region,2021-04-25,11863
E12000004,East Midlands,region,2021-04-24,11860
E12000004,East Midlands,region,2021-04-23,11858
E12000004,East Midlands,region,2021-04-22,11852
E12000004,East Midlands,region,2021-04-21,11850
E12000004,East Midlands,region,2021-04-20,11850
E12000004,East Midlands,region,2021-04-19,11849
E12000004,East Midlands,region,2021-04-18,11849
E12000004,East Midlands,region,2021-04-17,11843
E12000004,East Midlands,region,2021-04-16,11841
E12000004,East Midlands,region,2021-04-15,11838
E12000004,East Midlands,region,2021-04-14,11834
E12000004,East Midlands,region,2021-04-13,11833
E12000004,East Midlands,region,2021-04-12,11832
E12000004,East Midlands,region,2021-04-11,11828
E12000004,East Midlands,region,2021-04-10,11825
E12000004,East Midlands,region,2021-04-09,11821
E12000004,East Midlands,region,2021-04-08,11818
E12000004,East Midlands,region,2021-04-07,11814
E12000004,East Midlands,region,2021-04-06,11805
E12000004,East Midlands,region,2021-04-05,11799
E12000004,East Midlands,region,2021-04-04,11798
E12000004,East Midlands,region,2021-04-03,11792
E12000004,East Midlands,region,2021-04-02,11789
E12000004,East Midlands,region,2021-04-01,11782
E12000004,East Midlands,region,2021-03-31,11779
E12000004,East Midlands,region,2021-03-30,11776
E12000004,East Midlands,region,2021-03-29,11771
E12000004,East Midlands,region,2021-03-28,11760
E12000004,East Midlands,region,2021-03-27,11756
E12000004,East Midlands,region,2021-03-26,11749
E12000004,East Midlands,region,2021-03-25,11740
E12000004,East Midlands,region,2021-03-24,11730
E12000004,East Midlands,region,2021-03-23,11725
E12000004,East Midlands,region,2021-03-22,11714
E12000004,East Midlands,region,2021-03-21,11701
E12000004,East Midlands,region,2021-03-20,11686
E12000004,East Midlands,region,2021-03-19,11673
E12000004,East Midlands,region,2021-03-18,11664
E12000004,East Midlands,region,2021-03-17,11649
E12000004,East Midlands,region,2021-03-16,11638
E12000004,East Midlands,region,2021-03-15,11630
E12000004,East Midlands,region,2021-03-14,11619
E12000004,East Midlands,region,2021-03-13,11606
E12000004,East Midlands,region,2021-03-12,11585
E12000004,East Midlands,region,2021-03-11,11567
E12000004,East Midlands,region,2021-03-10,11547
E12000004,East Midlands,region,2021-03-09,11530
E12000004,East Midlands,region,2021-03-08,11508
E12000004,East Midlands,region,2021-03-07,11489
E12000004,East Midlands,region,2021-03-06,11469
E12000004,East Midlands,region,2021-03-05,11451
E12000004,East Midlands,region,2021-03-04,11430
E12000004,East Midlands,region,2021-03-03,11410
E12000004,East Midlands,region,2021-03-02,11382
E12000004,East Midlands,region,2021-03-01,11361
E12000004,East Midlands,region,2021-02-28,11343
E12000004,East Midlands,region,2021-02-27,11307
E12000004,East Midlands,region,2021-02-26,11276
E12000004,East Midlands,region,2021-02-25,11250
E12000004,East Midlands,region,2021-02-24,11215
E12000004,East Midlands,region,2021-02-23,11179
E12000004,East Midlands,region,2021-02-22,11144
E12000004,East Midlands,region,2021-02-21,11117
E12000004,East Midlands,region,2021-02-20,11089
E12000004,East Midlands,region,2021-02-19,11040
E12000004,East Midlands,region,2021-02-18,11008
E12000004,East Midlands,region,2021-02-17,10963
E12000004,East Midlands,region,2021-02-16,10923
E12000004,East Midlands,region,2021-02-15,10854
E12000004,East Midlands,region,2021-02-14,10783
E12000004,East Midlands,region,2021-02-13,10727
E12000004,East Midlands,region,2021-02-12,10683
E12000004,East Midlands,region,2021-02-11,10623
E12000004,East Midlands,region,2021-02-10,10568
E12000004,East Midlands,region,2021-02-09,10516
E12000004,East Midlands,region,2021-02-08,10439
E12000004,East Midlands,region,2021-02-07,10375
E12000004,East Midlands,region,2021-02-06,10304
E12000004,East Midlands,region,2021-02-05,10247
E12000004,East Midlands,region,2021-02-04,10179
E12000004,East Midlands,region,2021-02-03,10113
E12000004,East Midlands,region,2021-02-02,10035
E12000004,East Midlands,region,2021-02-01,9953
E12000004,East Midlands,region,2021-01-31,9870
E12000004,East Midlands,region,2021-01-30,9788
E12000004,East Midlands,region,2021-01-29,9710
E12000004,East Midlands,region,2021-01-28,9617
E12000004,East Midlands,region,2021-01-27,9534
E12000004,East Midlands,region,2021-01-26,9437
E12000004,East Midlands,region,2021-01-25,9343
E12000004,East Midlands,region,2021-01-24,9263
E12000004,East Midlands,region,2021-01-23,9170
E12000004,East Midlands,region,2021-01-22,9084
E12000004,East Midlands,region,2021-01-21,9006
E12000004,East Midlands,region,2021-01-20,8920
E12000004,East Midlands,region,2021-01-19,8817
E12000004,East Midlands,region,2021-01-18,8720
E12000004,East Midlands,region,2021-01-17,8623
E12000004,East Midlands,region,2021-01-16,8522
E12000004,East Midlands,region,2021-01-15,8422
E12000004,East Midlands,region,2021-01-14,8324
E12000004,East Midlands,region,2021-01-13,8230
E12000004,East Midlands,region,2021-01-12,8125
E12000004,East Midlands,region,2021-01-11,8041
E12000004,East Midlands,region,2021-01-10,7960
E12000004,East Midlands,region,2021-01-09,7902
E12000004,East Midlands,region,2021-01-08,7815
E12000004,East Midlands,region,2021-01-07,7751
E12000004,East Midlands,region,2021-01-06,7696
E12000004,East Midlands,region,2021-01-05,7631
E12000004,East Midlands,region,2021-01-04,7566
E12000004,East Midlands,region,2021-01-03,7509
E12000004,East Midlands,region,2021-01-02,7460
E12000004,East Midlands,region,2021-01-01,7404
E12000004,East Midlands,region,2020-12-31,7356
E12000004,East Midlands,region,2020-12-30,7298
E12000004,East Midlands,region,2020-12-29,7239
E12000004,East Midlands,region,2020-12-28,7183
E12000004,East Midlands,region,2020-12-27,7152
E12000004,East Midlands,region,2020-12-26,7100
E12000004,East Midlands,region,2020-12-25,7050
E12000004,East Midlands,region,2020-12-24,7002
E12000004,East Midlands,region,2020-12-23,6966
E12000004,East Midlands,region,2020-12-22,6921
E12000004,East Midlands,region,2020-12-21,6868
E12000004,East Midlands,region,2020-12-20,6811
E12000004,East Midlands,region,2020-12-19,6763
E12000004,East Midlands,region,2020-12-18,6726
E12000004,East Midlands,region,2020-12-17,6660
E12000004,East Midlands,region,2020-12-16,6606
E12000004,East Midlands,region,2020-12-15,6563
E12000004,East Midlands,region,2020-12-14,6523
E12000004,East Midlands,region,2020-12-13,6462
E12000004,East Midlands,region,2020-12-12,6416
E12000004,East Midlands,region,2020-12-11,6362
E12000004,East Midlands,region,2020-12-10,6307
E12000004,East Midlands,region,2020-12-09,6263
E12000004,East Midlands,region,2020-12-08,6212
E12000004,East Midlands,region,2020-12-07,6176
E12000004,East Midlands,region,2020-12-06,6126
E12000004,East Midlands,region,2020-12-05,6078
E12000004,East Midlands,region,2020-12-04,6037
E12000004,East Midlands,region,2020-12-03,5983
E12000004,East Midlands,region,2020-12-02,5930
E12000004,East Midlands,region,2020-12-01,5885
E12000004,East Midlands,region,2020-11-30,5831
E12000004,East Midlands,region,2020-11-29,5784
E12000004,East Midlands,region,2020-11-28,5732
E12000004,East Midlands,region,2020-11-27,5676
E12000004,East Midlands,region,2020-11-26,5617
E12000004,East Midlands,region,2020-11-25,5564
E12000004,East Midlands,region,2020-11-24,5512
E12000004,East Midlands,region,2020-11-23,5465
E12000004,East Midlands,region,2020-11-22,5415
E12000004,East Midlands,region,2020-11-21,5357
E12000004,East Midlands,region,2020-11-20,5311
E12000004,East Midlands,region,2020-11-19,5267
E12000004,East Midlands,region,2020-11-18,5215
E12000004,East Midlands,region,2020-11-17,5156
E12000004,East Midlands,region,2020-11-16,5112
E12000004,East Midlands,region,2020-11-15,5065
E12000004,East Midlands,region,2020-11-14,5020
E12000004,East Midlands,region,2020-11-13,4970
E12000004,East Midlands,region,2020-11-12,4928
E12000004,East Midlands,region,2020-11-11,4881
E12000004,East Midlands,region,2020-11-10,4854
E12000004,East Midlands,region,2020-11-09,4820
E12000004,East Midlands,region,2020-11-08,4769
E12000004,East Midlands,region,2020-11-07,4726
E12000004,East Midlands,region,2020-11-06,4695
E12000004,East Midlands,region,2020-11-05,4665
E12000004,East Midlands,region,2020-11-04,4637
E12000004,East Midlands,region,2020-11-03,4596
E12000004,East Midlands,region,2020-11-02,4568
E12000004,East Midlands,region,2020-11-01,4531
E12000004,East Midlands,region,2020-10-31,4495
E12000004,East Midlands,region,2020-10-30,4467
E12000004,East Midlands,region,2020-10-29,4436
E12000004,East Midlands,region,2020-10-28,4413
E12000004,East Midlands,region,2020-10-27,4384
E12000004,East Midlands,region,2020-10-26,4359
E12000004,East Midlands,region,2020-10-25,4338
E12000004,East Midlands,region,2020-10-24,4316
E12000004,East Midlands,region,2020-10-23,4295
E12000004,East Midlands,region,2020-10-22,4275
E12000004,East Midlands,region,2020-10-21,4246
E12000004,East Midlands,region,2020-10-20,4236
E12000004,East Midlands,region,2020-10-19,4219
E12000004,East Midlands,region,2020-10-18,4209
E12000004,East Midlands,region,2020-10-17,4202
E12000004,East Midlands,region,2020-10-16,4185
E12000004,East Midlands,region,2020-10-15,4175
E12000004,East Midlands,region,2020-10-14,4161
E12000004,East Midlands,region,2020-10-13,4153
E12000004,East Midlands,region,2020-10-12,4141
E12000004,East Midlands,region,2020-10-11,4135
E12000004,East Midlands,region,2020-10-10,4127
E12000004,East Midlands,region,2020-10-09,4123
E12000004,East Midlands,region,2020-10-08,4117
E12000004,East Midlands,region,2020-10-07,4115
E12000004,East Midlands,region,2020-10-06,4111
E12000004,East Midlands,region,2020-10-05,4107
E12000004,East Midlands,region,2020-10-04,4105
E12000004,East Midlands,region,2020-10-03,4102
E12000004,East Midlands,region,2020-10-02,4095
E12000004,East Midlands,region,2020-10-01,4094
E12000004,East Midlands,region,2020-09-30,4092
E12000004,East Midlands,region,2020-09-29,4091
E12000004,East Midlands,region,2020-09-28,4088
E12000004,East Midlands,region,2020-09-27,4087
E12000004,East Midlands,region,2020-09-26,4085
E12000004,East Midlands,region,2020-09-25,4084
E12000004,East Midlands,region,2020-09-24,4081
E12000004,East Midlands,region,2020-09-23,4079
E12000004,East Midlands,region,2020-09-22,4077
E12000004,East Midlands,region,2020-09-21,4075
E12000004,East Midlands,region,2020-09-20,4070
E12000004,East Midlands,region,2020-09-19,4069
E12000004,East Midlands,region,2020-09-18,4066
E12000004,East Midlands,region,2020-09-17,4065
E12000004,East Midlands,region,2020-09-16,4065
E12000004,East Midlands,region,2020-09-15,4063
E12000004,East Midlands,region,2020-09-14,4062
E12000004,East Midlands,region,2020-09-13,4061
E12000004,East Midlands,region,2020-09-12,4060
E12000004,East Midlands,region,2020-09-11,4055
E12000004,East Midlands,region,2020-09-10,4053
E12000004,East Midlands,region,2020-09-09,4052
E12000004,East Midlands,region,2020-09-08,4051
E12000004,East Midlands,region,2020-09-07,4051
E12000004,East Midlands,region,2020-09-06,4049
E12000004,East Midlands,region,2020-09-05,4048
E12000004,East Midlands,region,2020-09-04,4048
E12000004,East Midlands,region,2020-09-03,4043
E12000004,East Midlands,region,2020-09-02,4043
E12000004,East Midlands,region,2020-09-01,4041
E12000004,East Midlands,region,2020-08-31,4039
E12000004,East Midlands,region,2020-08-30,4035
E12000004,East Midlands,region,2020-08-29,4032
E12000004,East Midlands,region,2020-08-28,4031
E12000004,East Midlands,region,2020-08-27,4031
E12000004,East Midlands,region,2020-08-26,4030
E12000004,East Midlands,region,2020-08-25,4030
E12000004,East Midlands,region,2020-08-24,4026
E12000004,East Midlands,region,2020-08-23,4026
E12000004,East Midlands,region,2020-08-22,4026
E12000004,East Midlands,region,2020-08-21,4025
E12000004,East Midlands,region,2020-08-20,4024
E12000004,East Midlands,region,2020-08-19,4022
E12000004,East Midlands,region,2020-08-18,4021
E12000004,East Midlands,region,2020-08-17,4021
E12000004,East Midlands,region,2020-08-16,4017
E12000004,East Midlands,region,2020-08-15,4015
E12000004,East Midlands,region,2020-08-14,4015
E12000004,East Midlands,region,2020-08-13,4013
E12000004,East Midlands,region,2020-08-12,4011
E12000004,East Midlands,region,2020-08-11,4009
E12000004,East Midlands,region,2020-08-10,4009
E12000004,East Midlands,region,2020-08-09,4008
E12000004,East Midlands,region,2020-08-08,4007
E12000004,East Midlands,region,2020-08-07,4004
E12000004,East Midlands,region,2020-08-06,4001
E12000004,East Midlands,region,2020-08-05,4001
E12000004,East Midlands,region,2020-08-04,3999
E12000004,East Midlands,region,2020-08-03,3997
E12000004,East Midlands,region,2020-08-02,3997
E12000004,East Midlands,region,2020-08-01,3995
E12000004,East Midlands,region,2020-07-31,3992
E12000004,East Midlands,region,2020-07-30,3991
E12000004,East Midlands,region,2020-07-29,3989
E12000004,East Midlands,region,2020-07-28,3986
E12000004,East Midlands,region,2020-07-27,3985
E12000004,East Midlands,region,2020-07-26,3983
E12000004,East Midlands,region,2020-07-25,3978
E12000004,East Midlands,region,2020-07-24,3976
E12000004,East Midlands,region,2020-07-23,3972
E12000004,East Midlands,region,2020-07-22,3968
E12000004,East Midlands,region,2020-07-21,3966
E12000004,East Midlands,region,2020-07-20,3959
E12000004,East Midlands,region,2020-07-19,3955
E12000004,East Midlands,region,2020-07-18,3951
E12000004,East Midlands,region,2020-07-17,3948
E12000004,East Midlands,region,2020-07-16,3942
E12000004,East Midlands,region,2020-07-15,3937
E12000004,East Midlands,region,2020-07-14,3931
E12000004,East Midlands,region,2020-07-13,3928
E12000004,East Midlands,region,2020-07-12,3923
E12000004,East Midlands,region,2020-07-11,3918
E12000004,East Midlands,region,2020-07-10,3916
E12000004,East Midlands,region,2020-07-09,3912
E12000004,East Midlands,region,2020-07-08,3907
E12000004,East Midlands,region,2020-07-07,3902
E12000004,East Midlands,region,2020-07-06,3897
E12000004,East Midlands,region,2020-07-05,3894
E12000004,East Midlands,region,2020-07-04,3887
E12000004,East Midlands,region,2020-07-03,3884
E12000004,East Midlands,region,2020-07-02,3879
E12000004,East Midlands,region,2020-07-01,3872
E12000004,East Midlands,region,2020-06-30,3867
E12000004,East Midlands,region,2020-06-29,3861
E12000004,East Midlands,region,2020-06-28,3852
E12000004,East Midlands,region,2020-06-27,3848
E12000004,East Midlands,region,2020-06-26,3840
E12000004,East Midlands,region,2020-06-25,3831
E12000004,East Midlands,region,2020-06-24,3816
E12000004,East Midlands,region,2020-06-23,3805
E12000004,East Midlands,region,2020-06-22,3796
E12000004,East Midlands,region,2020-06-21,3787
E12000004,East Midlands,region,2020-06-20,3775
E12000004,East Midlands,region,2020-06-19,3762
E12000004,East Midlands,region,2020-06-18,3752
E12000004,East Midlands,region,2020-06-17,3738
E12000004,East Midlands,region,2020-06-16,3728
E12000004,East Midlands,region,2020-06-15,3715
E12000004,East Midlands,region,2020-06-14,3698
E12000004,East Midlands,region,2020-06-13,3685
E12000004,East Midlands,region,2020-06-12,3677
E12000004,East Midlands,region,2020-06-11,3656
E12000004,East Midlands,region,2020-06-10,3634
E12000004,East Midlands,region,2020-06-09,3620
E12000004,East Midlands,region,2020-06-08,3603
E12000004,East Midlands,region,2020-06-07,3582
E12000004,East Midlands,region,2020-06-06,3569
E12000004,East Midlands,region,2020-06-05,3546
E12000004,East Midlands,region,2020-06-04,3535
E12000004,East Midlands,region,2020-06-03,3516
E12000004,East Midlands,region,2020-06-02,3493
E12000004,East Midlands,region,2020-06-01,3479
E12000004,East Midlands,region,2020-05-31,3458
E12000004,East Midlands,region,2020-05-30,3436
E12000004,East Midlands,region,2020-05-29,3411
E12000004,East Midlands,region,2020-05-28,3394
E12000004,East Midlands,region,2020-05-27,3368
E12000004,East Midlands,region,2020-05-26,3345
E12000004,East Midlands,region,2020-05-25,3319
E12000004,East Midlands,region,2020-05-24,3294
E12000004,East Midlands,region,2020-05-23,3275
E12000004,East Midlands,region,2020-05-22,3241
E12000004,East Midlands,region,2020-05-21,3213
E12000004,East Midlands,region,2020-05-20,3181
E12000004,East Midlands,region,2020-05-19,3153
E12000004,East Midlands,region,2020-05-18,3119
E12000004,East Midlands,region,2020-05-17,3077
E12000004,East Midlands,region,2020-05-16,3055
E12000004,East Midlands,region,2020-05-15,3026
E12000004,East Midlands,region,2020-05-14,2998
E12000004,East Midlands,region,2020-05-13,2959
E12000004,East Midlands,region,2020-05-12,2937
E12000004,East Midlands,region,2020-05-11,2892
E12000004,East Midlands,region,2020-05-10,2856
E12000004,East Midlands,region,2020-05-09,2824
E12000004,East Midlands,region,2020-05-08,2780
E12000004,East Midlands,region,2020-05-07,2734
E12000004,East Midlands,region,2020-05-06,2691
E12000004,East Midlands,region,2020-05-05,2641
E12000004,East Midlands,region,2020-05-04,2593
E12000004,East Midlands,region,2020-05-03,2537
E12000004,East Midlands,region,2020-05-02,2487
E12000004,East Midlands,region,2020-05-01,2441
E12000004,East Midlands,region,2020-04-30,2382
E12000004,East Midlands,region,2020-04-29,2332
E12000004,East Midlands,region,2020-04-28,2268
E12000004,East Midlands,region,2020-04-27,2203
E12000004,East Midlands,region,2020-04-26,2139
E12000004,East Midlands,region,2020-04-25,2076
E12000004,East Midlands,region,2020-04-24,2019
E12000004,East Midlands,region,2020-04-23,1956
E12000004,East Midlands,region,2020-04-22,1884
E12000004,East Midlands,region,2020-04-21,1825
E12000004,East Midlands,region,2020-04-20,1766
E12000004,East Midlands,region,2020-04-19,1685
E12000004,East Midlands,region,2020-04-18,1605
E12000004,East Midlands,region,2020-04-17,1532
E12000004,East Midlands,region,2020-04-16,1445
E12000004,East Midlands,region,2020-04-15,1381
E12000004,East Midlands,region,2020-04-14,1300
E12000004,East Midlands,region,2020-04-13,1212
E12000004,East Midlands,region,2020-04-12,1138
E12000004,East Midlands,region,2020-04-11,1046
E12000004,East Midlands,region,2020-04-10,960
E12000004,East Midlands,region,2020-04-09,882
E12000004,East Midlands,region,2020-04-08,793
E12000004,East Midlands,region,2020-04-07,712
E12000004,East Midlands,region,2020-04-06,650
E12000004,East Midlands,region,2020-04-05,568
E12000004,East Midlands,region,2020-04-04,487
E12000004,East Midlands,region,2020-04-03,413
E12000004,East Midlands,region,2020-04-02,351
E12000004,East Midlands,region,2020-04-01,295
E12000004,East Midlands,region,2020-03-31,245
E12000004,East Midlands,region,2020-03-30,201
E12000004,East Midlands,region,2020-03-29,174
E12000004,East Midlands,region,2020-03-28,147
E12000004,East Midlands,region,2020-03-27,118
E12000004,East Midlands,region,2020-03-26,94
E12000004,East Midlands,region,2020-03-25,76
E12000004,East Midlands,region,2020-03-24,64
E12000004,East Midlands,region,2020-03-23,47
E12000004,East Midlands,region,2020-03-22,37
E12000004,East Midlands,region,2020-03-21,25
E12000004,East Midlands,region,2020-03-20,21
E12000004,East Midlands,region,2020-03-19,15
E12000004,East Midlands,region,2020-03-18,12
E12000004,East Midlands,region,2020-03-17,8
E12000004,East Midlands,region,2020-03-16,7
E12000004,East Midlands,region,2020-03-15,3
E12000004,East Midlands,region,2020-03-14,3
E12000004,East Midlands,region,2020-03-13,3
E12000004,East Midlands,region,2020-03-12,2
E12000004,East Midlands,region,2020-03-11,1
E12000005,West Midlands,region,2022-12-02,21331
E12000005,West Midlands,region,2022-12-01,21325
E12000005,West Midlands,region,2022-11-30,21322
E12000005,West Midlands,region,2022-11-29,21320
E12000005,West Midlands,region,2022-11-28,21316
E12000005,West Midlands,region,2022-11-27,21309
E12000005,West Midlands,region,2022-11-26,21307
E12000005,West Midlands,region,2022-11-25,21304
E12000005,West Midlands,region,2022-11-24,21300
E12000005,West Midlands,region,2022-11-23,21296
E12000005,West Midlands,region,2022-11-22,21294
E12000005,West Midlands,region,2022-11-21,21288
E12000005,West Midlands,region,2022-11-20,21287
E12000005,West Midlands,region,2022-11-19,21277
E12000005,West Midlands,region,2022-11-18,21271
E12000005,West Midlands,region,2022-11-17,21266
E12000005,West Midlands,region,2022-11-16,21264
E12000005,West Midlands,region,2022-11-15,21263
E12000005,West Midlands,region,2022-11-14,21256
E12000005,West Midlands,region,2022-11-13,21249
E12000005,West Midlands,region,2022-11-12,21243
E12000005,West Midlands,region,2022-11-11,21239
E12000005,West Midlands,region,2022-11-10,21232
E12000005,West Midlands,region,2022-11-09,21231
E12000005,West Midlands,region,2022-11-08,21226
E12000005,West Midlands,region,2022-11-07,21221
E12000005,West Midlands,region,2022-11-06,21217
E12000005,West Midlands,region,2022-11-05,21215
E12000005,West Midlands,region,2022-11-04,21211
E12000005,West Midlands,region,2022-11-03,21204
E12000005,West Midlands,region,2022-11-02,21193
E12000005,West Midlands,region,2022-11-01,21189
E12000005,West Midlands,region,2022-10-31,21182
E12000005,West Midlands,region,2022-10-30,21176
E12000005,West Midlands,region,2022-10-29,21167
E12000005,West Midlands,region,2022-10-28,21164
E12000005,West Midlands,region,2022-10-27,21161
E12000005,West Midlands,region,2022-10-26,21149
E12000005,West Midlands,region,2022-10-25,21143
E12000005,West Midlands,region,2022-10-24,21131
E12000005,West Midlands,region,2022-10-23,21127
E12000005,West Midlands,region,2022-10-22,21122
E12000005,West Midlands,region,2022-10-21,21110
E12000005,West Midlands,region,2022-10-20,21107
E12000005,West Midlands,region,2022-10-19,21092
E12000005,West Midlands,region,2022-10-18,21085
E12000005,West Midlands,region,2022-10-17,21077
E12000005,West Midlands,region,2022-10-16,21070
E12000005,West Midlands,region,2022-10-15,21059
E12000005,West Midlands,region,2022-10-14,21046
E12000005,West Midlands,region,2022-10-13,21032
E12000005,West Midlands,region,2022-10-12,21022
E12000005,West Midlands,region,2022-10-11,21010
E12000005,West Midlands,region,2022-10-10,20996
E12000005,West Midlands,region,2022-10-09,20992
E12000005,West Midlands,region,2022-10-08,20985
E12000005,West Midlands,region,2022-10-07,20978
E12000005,West Midlands,region,2022-10-06,20969
E12000005,West Midlands,region,2022-10-05,20960
E12000005,West Midlands,region,2022-10-04,20957
E12000005,West Midlands,region,2022-10-03,20946
E12000005,West Midlands,region,2022-10-02,20938
E12000005,West Midlands,region,2022-10-01,20927
E12000005,West Midlands,region,2022-09-30,20917
E12000005,West Midlands,region,2022-09-29,20908
E12000005,West Midlands,region,2022-09-28,20905
E12000005,West Midlands,region,2022-09-27,20903
E12000005,West Midlands,region,2022-09-26,20894
E12000005,West Midlands,region,2022-09-25,20887
E12000005,West Midlands,region,2022-09-24,20884
E12000005,West Midlands,region,2022-09-23,20879
E12000005,West Midlands,region,2022-09-22,20873
E12000005,West Midlands,region,2022-09-21,20868
E12000005,West Midlands,region,2022-09-20,20865
E12000005,West Midlands,region,2022-09-19,20852
E12000005,West Midlands,region,2022-09-18,20847
E12000005,West Midlands,region,2022-09-17,20845
E12000005,West Midlands,region,2022-09-16,20832
E12000005,West Midlands,region,2022-09-15,20831
E12000005,West Midlands,region,2022-09-14,20823
E12000005,West Midlands,region,2022-09-13,20818
E12000005,West Midlands,region,2022-09-12,20811
E12000005,West Midlands,region,2022-09-11,20807
E12000005,West Midlands,region,2022-09-10,20806
E12000005,West Midlands,region,2022-09-09,20800
E12000005,West Midlands,region,2022-09-08,20797
E12000005,West Midlands,region,2022-09-07,20795
E12000005,West Midlands,region,2022-09-06,20791
E12000005,West Midlands,region,2022-09-05,20788
E12000005,West Midlands,region,2022-09-04,20784
E12000005,West Midlands,region,2022-09-03,20781
E12000005,West Midlands,region,2022-09-02,20772
E12000005,West Midlands,region,2022-09-01,20767
E12000005,West Midlands,region,2022-08-31,20762
E12000005,West Midlands,region,2022-08-30,20755
E12000005,West Midlands,region,2022-08-29,20746
E12000005,West Midlands,region,2022-08-28,20743
E12000005,West Midlands,region,2022-08-27,20739
E12000005,West Midlands,region,2022-08-26,20732
E12000005,West Midlands,region,2022-08-25,20726
E12000005,West Midlands,region,2022-08-24,20724
E12000005,West Midlands,region,2022-08-23,20719
E12000005,West Midlands,region,2022-08-22,20710
E12000005,West Midlands,region,2022-08-21,20704
E12000005,West Midlands,region,2022-08-20,20698
E12000005,West Midlands,region,2022-08-19,20691
E12000005,West Midlands,region,2022-08-18,20686
E12000005,West Midlands,region,2022-08-17,20682
E12000005,West Midlands,region,2022-08-16,20679
E12000005,West Midlands,region,2022-08-15,20668
E12000005,West Midlands,region,2022-08-14,20653
E12000005,West Midlands,region,2022-08-13,20643
E12000005,West Midlands,region,2022-08-12,20631
E12000005,West Midlands,region,2022-08-11,20617
E12000005,West Midlands,region,2022-08-10,20611
E12000005,West Midlands,region,2022-08-09,20603
E12000005,West Midlands,region,2022-08-08,20596
E12000005,West Midlands,region,2022-08-07,20591
E12000005,West Midlands,region,2022-08-06,20583
E12000005,West Midlands,region,2022-08-05,20575
E12000005,West Midlands,region,2022-08-04,20569
E12000005,West Midlands,region,2022-08-03,20557
E12000005,West Midlands,region,2022-08-02,20551
E12000005,West Midlands,region,2022-08-01,20540
E12000005,West Midlands,region,2022-07-31,20533
E12000005,West Midlands,region,2022-07-30,20521
E12000005,West Midlands,region,2022-07-29,20516
E12000005,West Midlands,region,2022-07-28,20501
E12000005,West Midlands,region,2022-07-27,20489
E12000005,West Midlands,region,2022-07-26,20481
E12000005,West Midlands,region,2022-07-25,20472
E12000005,West Midlands,region,2022-07-24,20456
E12000005,West Midlands,region,2022-07-23,20439
E12000005,West Midlands,region,2022-07-22,20426
E12000005,West Midlands,region,2022-07-21,20412
E12000005,West Midlands,region,2022-07-20,20402
E12000005,West Midlands,region,2022-07-19,20386
E12000005,West Midlands,region,2022-07-18,20358
E12000005,West Midlands,region,2022-07-17,20347
E12000005,West Midlands,region,2022-07-16,20336
E12000005,West Midlands,region,2022-07-15,20321
E12000005,West Midlands,region,2022-07-14,20307
E12000005,West Midlands,region,2022-07-13,20296
E12000005,West Midlands,region,2022-07-12,20279
E12000005,West Midlands,region,2022-07-11,20268
E12000005,West Midlands,region,2022-07-10,20254
E12000005,West Midlands,region,2022-07-09,20243
E12000005,West Midlands,region,2022-07-08,20226
E12000005,West Midlands,region,2022-07-07,20212
E12000005,West Midlands,region,2022-07-06,20205
E12000005,West Midlands,region,2022-07-05,20194
E12000005,West Midlands,region,2022-07-04,20186
E12000005,West Midlands,region,2022-07-03,20178
E12000005,West Midlands,region,2022-07-02,20174
E12000005,West Midlands,region,2022-07-01,20169
E12000005,West Midlands,region,2022-06-30,20165
E12000005,West Midlands,region,2022-06-29,20157
E12000005,West Midlands,region,2022-06-28,20151
E12000005,West Midlands,region,2022-06-27,20149
E12000005,West Midlands,region,2022-06-26,20146
E12000005,West Midlands,region,2022-06-25,20139
E12000005,West Midlands,region,2022-06-24,20137
E12000005,West Midlands,region,2022-06-23,20132
E12000005,West Midlands,region,2022-06-22,20125
E12000005,West Midlands,region,2022-06-21,20118
E12000005,West Midlands,region,2022-06-20,20115
E12000005,West Midlands,region,2022-06-19,20112
E12000005,West Midlands,region,2022-06-18,20106
E12000005,West Midlands,region,2022-06-17,20105
E12000005,West Midlands,region,2022-06-16,20104
E12000005,West Midlands,region,2022-06-15,20099
E12000005,West Midlands,region,2022-06-14,20094
E12000005,West Midlands,region,2022-06-13,20094
E12000005,West Midlands,region,2022-06-12,20091
E12000005,West Midlands,region,2022-06-11,20087
E12000005,West Midlands,region,2022-06-10,20084
E12000005,West Midlands,region,2022-06-09,20084
E12000005,West Midlands,region,2022-06-08,20083
E12000005,West Midlands,region,2022-06-07,20081
E12000005,West Midlands,region,2022-06-06,20080
E12000005,West Midlands,region,2022-06-05,20076
E12000005,West Midlands,region,2022-06-04,20071
E12000005,West Midlands,region,2022-06-03,20067
E12000005,West Midlands,region,2022-06-02,20067
E12000005,West Midlands,region,2022-06-01,20060
E12000005,West Midlands,region,2022-05-31,20059
E12000005,West Midlands,region,2022-05-30,20054
E12000005,West Midlands,region,2022-05-29,20045
E12000005,West Midlands,region,2022-05-28,20042
E12000005,West Midlands,region,2022-05-27,20040
E12000005,West Midlands,region,2022-05-26,20037
E12000005,West Midlands,region,2022-05-25,20031
E12000005,West Midlands,region,2022-05-24,20027
E12000005,West Midlands,region,2022-05-23,20022
E12000005,West Midlands,region,2022-05-22,20019
E12000005,West Midlands,region,2022-05-21,20015
E12000005,West Midlands,region,2022-05-20,20010
E12000005,West Midlands,region,2022-05-19,20001
E12000005,West Midlands,region,2022-05-18,19997
E12000005,West Midlands,region,2022-05-17,19994
E12000005,West Midlands,region,2022-05-16,19986
E12000005,West Midlands,region,2022-05-15,19980
E12000005,West Midlands,region,2022-05-14,19968
E12000005,West Midlands,region,2022-05-13,19962
E12000005,West Midlands,region,2022-05-12,19959
E12000005,West Midlands,region,2022-05-11,19950
E12000005,West Midlands,region,2022-05-10,19942
E12000005,West Midlands,region,2022-05-09,19928
E12000005,West Midlands,region,2022-05-08,19924
E12000005,West Midlands,region,2022-05-07,19915
E12000005,West Midlands,region,2022-05-06,19908
E12000005,West Midlands,region,2022-05-05,19896
E12000005,West Midlands,region,2022-05-04,19887
E12000005,West Midlands,region,2022-05-03,19875
E12000005,West Midlands,region,2022-05-02,19871
E12000005,West Midlands,region,2022-05-01,19862
E12000005,West Midlands,region,2022-04-30,19854
E12000005,West Midlands,region,2022-04-29,19838
E12000005,West Midlands,region,2022-04-28,19822
E12000005,West Midlands,region,2022-04-27,19808
E12000005,West Midlands,region,2022-04-26,19793
E12000005,West Midlands,region,2022-04-25,19778
E12000005,West Midlands,region,2022-04-24,19767
E12000005,West Midlands,region,2022-04-23,19746
E12000005,West Midlands,region,2022-04-22,19736
E12000005,West Midlands,region,2022-04-21,19720
E12000005,West Midlands,region,2022-04-20,19704
E12000005,West Midlands,region,2022-04-19,19689
E12000005,West Midlands,region,2022-04-18,19678
E12000005,West Midlands,region,2022-04-17,19663
E12000005,West Midlands,region,2022-04-16,19645
E12000005,West Midlands,region,2022-04-15,19629
E12000005,West Midlands,region,2022-04-14,19613
E12000005,West Midlands,region,2022-04-13,19597
E12000005,West Midlands,region,2022-04-12,19568
E12000005,West Midlands,region,2022-04-11,19541
E12000005,West Midlands,region,2022-04-10,19519
E12000005,West Midlands,region,2022-04-09,19504
E12000005,West Midlands,region,2022-04-08,19491
E12000005,West Midlands,region,2022-04-07,19475
E12000005,West Midlands,region,2022-04-06,19455
E12000005,West Midlands,region,2022-04-05,19436
E12000005,West Midlands,region,2022-04-04,19424
E12000005,West Midlands,region,2022-04-03,19408
E12000005,West Midlands,region,2022-04-02,19395
E12000005,West Midlands,region,2022-04-01,19380
E12000005,West Midlands,region,2022-03-31,19361
E12000005,West Midlands,region,2022-03-30,19346
E12000005,West Midlands,region,2022-03-29,19335
E12000005,West Midlands,region,2022-03-28,19321
E12000005,West Midlands,region,2022-03-27,19308
E12000005,West Midlands,region,2022-03-26,19298
E12000005,West Midlands,region,2022-03-25,19282
E12000005,West Midlands,region,2022-03-24,19260
E12000005,West Midlands,region,2022-03-23,19247
E12000005,West Midlands,region,2022-03-22,19239
E12000005,West Midlands,region,2022-03-21,19231
E12000005,West Midlands,region,2022-03-20,19215
E12000005,West Midlands,region,2022-03-19,19201
E12000005,West Midlands,region,2022-03-18,19190
E12000005,West Midlands,region,2022-03-17,19178
E12000005,West Midlands,region,2022-03-16,19167
E12000005,West Midlands,region,2022-03-15,19157
E12000005,West Midlands,region,2022-03-14,19144
E12000005,West Midlands,region,2022-03-13,19138
E12000005,West Midlands,region,2022-03-12,19130
E12000005,West Midlands,region,2022-03-11,19116
E12000005,West Midlands,region,2022-03-10,19103
E12000005,West Midlands,region,2022-03-09,19090
E12000005,West Midlands,region,2022-03-08,19076
E12000005,West Midlands,region,2022-03-07,19066
E12000005,West Midlands,region,2022-03-06,19058
E12000005,West Midlands,region,2022-03-05,19050
E12000005,West Midlands,region,2022-03-04,19036
E12000005,West Midlands,region,2022-03-03,19025
E12000005,West Midlands,region,2022-03-02,19014
E12000005,West Midlands,region,2022-03-01,19003
E12000005,West Midlands,region,2022-02-28,18996
E12000005,West Midlands,region,2022-02-27,18981
E12000005,West Midlands,region,2022-02-26,18972
E12000005,West Midlands,region,2022-02-25,18964
E12000005,West Midlands,region,2022-02-24,18950
E12000005,West Midlands,region,2022-02-23,18937
E12000005,West Midlands,region,2022-02-22,18926
E12000005,West Midlands,region,2022-02-21,18914
E12000005,West Midlands,region,2022-02-20,18902
E12000005,West Midlands,region,2022-02-19,18894
E12000005,West Midlands,region,2022-02-18,18883
E12000005,West Midlands,region,2022-02-17,18868
E12000005,West Midlands,region,2022-02-16,18852
E12000005,West Midlands,region,2022-02-15,18842
E12000005,West Midlands,region,2022-02-14,18832
E12000005,West Midlands,region,2022-02-13,18820
E12000005,West Midlands,region,2022-02-12,18806
E12000005,West Midlands,region,2022-02-11,18793
E12000005,West Midlands,region,2022-02-10,18778
E12000005,West Midlands,region,2022-02-09,18766
E12000005,West Midlands,region,2022-02-08,18756
E12000005,West Midlands,region,2022-02-07,18730
E12000005,West Midlands,region,2022-02-06,18715
E12000005,West Midlands,region,2022-02-05,18697
E12000005,West Midlands,region,2022-02-04,18678
E12000005,West Midlands,region,2022-02-03,18659
E12000005,West Midlands,region,2022-02-02,18645
E12000005,West Midlands,region,2022-02-01,18619
E12000005,West Midlands,region,2022-01-31,18601
E12000005,West Midlands,region,2022-01-30,18575
E12000005,West Midlands,region,2022-01-29,18554
E12000005,West Midlands,region,2022-01-28,18527
E12000005,West Midlands,region,2022-01-27,18513
E12000005,West Midlands,region,2022-01-26,18491
E12000005,West Midlands,region,2022-01-25,18471
E12000005,West Midlands,region,2022-01-24,18450
E12000005,West Midlands,region,2022-01-23,18426
E12000005,West Midlands,region,2022-01-22,18404
E12000005,West Midlands,region,2022-01-21,18387
E12000005,West Midlands,region,2022-01-20,18367
E12000005,West Midlands,region,2022-01-19,18352
E12000005,West Midlands,region,2022-01-18,18329
E12000005,West Midlands,region,2022-01-17,18310
E12000005,West Midlands,region,2022-01-16,18287
E12000005,West Midlands,region,2022-01-15,18263
E12000005,West Midlands,region,2022-01-14,18238
E12000005,West Midlands,region,2022-01-13,18213
E12000005,West Midlands,region,2022-01-12,18190
E12000005,West Midlands,region,2022-01-11,18173
E12000005,West Midlands,region,2022-01-10,18151
E12000005,West Midlands,region,2022-01-09,18129
E12000005,West Midlands,region,2022-01-08,18108
E12000005,West Midlands,region,2022-01-07,18090
E12000005,West Midlands,region,2022-01-06,18067
E12000005,West Midlands,region,2022-01-05,18043
E12000005,West Midlands,region,2022-01-04,18031
E12000005,West Midlands,region,2022-01-03,18010
E12000005,West Midlands,region,2022-01-02,17995
E12000005,West Midlands,region,2022-01-01,17978
E12000005,West Midlands,region,2021-12-31,17964
E12000005,West Midlands,region,2021-12-30,17947
E12000005,West Midlands,region,2021-12-29,17931
E12000005,West Midlands,region,2021-12-28,17919
E12000005,West Midlands,region,2021-12-27,17911
E12000005,West Midlands,region,2021-12-26,17900
E12000005,West Midlands,region,2021-12-25,17888
E12000005,West Midlands,region,2021-12-24,17878
E12000005,West Midlands,region,2021-12-23,17863
E12000005,West Midlands,region,2021-12-22,17855
E12000005,West Midlands,region,2021-12-21,17841
E12000005,West Midlands,region,2021-12-20,17833
E12000005,West Midlands,region,2021-12-19,17820
E12000005,West Midlands,region,2021-12-18,17808
E12000005,West Midlands,region,2021-12-17,17801
E12000005,West Midlands,region,2021-12-16,17789
E12000005,West Midlands,region,2021-12-15,17781
E12000005,West Midlands,region,2021-12-14,17762
E12000005,West Midlands,region,2021-12-13,17751
E12000005,West Midlands,region,2021-12-12,17744
E12000005,West Midlands,region,2021-12-11,17732
E12000005,West Midlands,region,2021-12-10,17725
E12000005,West Midlands,region,2021-12-09,17714
E12000005,West Midlands,region,2021-12-08,17694
E12000005,West Midlands,region,2021-12-07,17679
E12000005,West Midlands,region,2021-12-06,17667
E12000005,West Midlands,region,2021-12-05,17650
E12000005,West Midlands,region,2021-12-04,17638
E12000005,West Midlands,region,2021-12-03,17622
E12000005,West Midlands,region,2021-12-02,17603
E12000005,West Midlands,region,2021-12-01,17593
E12000005,West Midlands,region,2021-11-30,17585
E12000005,West Midlands,region,2021-11-29,17573
E12000005,West Midlands,region,2021-11-28,17555
E12000005,West Midlands,region,2021-11-27,17547
E12000005,West Midlands,region,2021-11-26,17538
E12000005,West Midlands,region,2021-11-25,17522
E12000005,West Midlands,region,2021-11-24,17504
E12000005,West Midlands,region,2021-11-23,17497
E12000005,West Midlands,region,2021-11-22,17483
E12000005,West Midlands,region,2021-11-21,17467
E12000005,West Midlands,region,2021-11-20,17454
E12000005,West Midlands,region,2021-11-19,17442
E12000005,West Midlands,region,2021-11-18,17428
E12000005,West Midlands,region,2021-11-17,17419
E12000005,West Midlands,region,2021-11-16,17413
E12000005,West Midlands,region,2021-11-15,17392
E12000005,West Midlands,region,2021-11-14,17383
E12000005,West Midlands,region,2021-11-13,17370
E12000005,West Midlands,region,2021-11-12,17358
E12000005,West Midlands,region,2021-11-11,17348
E12000005,West Midlands,region,2021-11-10,17328
E12000005,West Midlands,region,2021-11-09,17312
E12000005,West Midlands,region,2021-11-08,17300
E12000005,West Midlands,region,2021-11-07,17285
E12000005,West Midlands,region,2021-11-06,17266
E12000005,West Midlands,region,2021-11-05,17257
E12000005,West Midlands,region,2021-11-04,17237
E12000005,West Midlands,region,2021-11-03,17223
E12000005,West Midlands,region,2021-11-02,17211
E12000005,West Midlands,region,2021-11-01,17190
E12000005,West Midlands,region,2021-10-31,17175
E12000005,West Midlands,region,2021-10-30,17162
E12000005,West Midlands,region,2021-10-29,17150
E12000005,West Midlands,region,2021-10-28,17136
E12000005,West Midlands,region,2021-10-27,17118
E12000005,West Midlands,region,2021-10-26,17109
E12000005,West Midlands,region,2021-10-25,17087
E12000005,West Midlands,region,2021-10-24,17072
E12000005,West Midlands,region,2021-10-23,17056
E12000005,West Midlands,region,2021-10-22,17039
E12000005,West Midlands,region,2021-10-21,17023
E12000005,West Midlands,region,2021-10-20,17014
E12000005,West Midlands,region,2021-10-19,16994
E12000005,West Midlands,region,2021-10-18,16979
E12000005,West Midlands,region,2021-10-17,16967
E12000005,West Midlands,region,2021-10-16,16953
E12000005,West Midlands,region,2021-10-15,16938
E12000005,West Midlands,region,2021-10-14,16923
E12000005,West Midlands,region,2021-10-13,16911
E12000005,West Midlands,region,2021-10-12,16902
E12000005,West Midlands,region,2021-10-11,16886
E12000005,West Midlands,region,2021-10-10,16876
E12000005,West Midlands,region,2021-10-09,16864
E12000005,West Midlands,region,2021-10-08,16853
E12000005,West Midlands,region,2021-10-07,16833
E12000005,West Midlands,region,2021-10-06,16822
E12000005,West Midlands,region,2021-10-05,16810
E12000005,West Midlands,region,2021-10-04,16798
E12000005,West Midlands,region,2021-10-03,16791
E12000005,West Midlands,region,2021-10-02,16786
E12000005,West Midlands,region,2021-10-01,16776
E12000005,West Midlands,region,2021-09-30,16764
E12000005,West Midlands,region,2021-09-29,16753
E12000005,West Midlands,region,2021-09-28,16746
E12000005,West Midlands,region,2021-09-27,16733
E12000005,West Midlands,region,2021-09-26,16723
E12000005,West Midlands,region,2021-09-25,16717
E12000005,West Midlands,region,2021-09-24,16706
E12000005,West Midlands,region,2021-09-23,16696
E12000005,West Midlands,region,2021-09-22,16686
E12000005,West Midlands,region,2021-09-21,16677
E12000005,West Midlands,region,2021-09-20,16659
E12000005,West Midlands,region,2021-09-19,16646
E12000005,West Midlands,region,2021-09-18,16638
E12000005,West Midlands,region,2021-09-17,16619
E12000005,West Midlands,region,2021-09-16,16598
E12000005,West Midlands,region,2021-09-15,16588
E12000005,West Midlands,region,2021-09-14,16571
E12000005,West Midlands,region,2021-09-13,16554
E12000005,West Midlands,region,2021-09-12,16543
E12000005,West Midlands,region,2021-09-11,16527
E12000005,West Midlands,region,2021-09-10,16515
E12000005,West Midlands,region,2021-09-09,16500
E12000005,West Midlands,region,2021-09-08,16484
E12000005,West Midlands,region,2021-09-07,16470
E12000005,West Midlands,region,2021-09-06,16453
E12000005,West Midlands,region,2021-09-05,16443
E12000005,West Midlands,region,2021-09-04,16431
E12000005,West Midlands,region,2021-09-03,16415
E12000005,West Midlands,region,2021-09-02,16401
E12000005,West Midlands,region,2021-09-01,16383
E12000005,West Midlands,region,2021-08-31,16363
E12000005,West Midlands,region,2021-08-30,16351
E12000005,West Midlands,region,2021-08-29,16334
E12000005,West Midlands,region,2021-08-28,16323
E12000005,West Midlands,region,2021-08-27,16307
E12000005,West Midlands,region,2021-08-26,16285
E12000005,West Midlands,region,2021-08-25,16275
E12000005,West Midlands,region,2021-08-24,16264
E12000005,West Midlands,region,2021-08-23,16253
E12000005,West Midlands,region,2021-08-22,16241
E12000005,West Midlands,region,2021-08-21,16225
E12000005,West Midlands,region,2021-08-20,16213
E12000005,West Midlands,region,2021-08-19,16202
E12000005,West Midlands,region,2021-08-18,16191
E12000005,West Midlands,region,2021-08-17,16179
E12000005,West Midlands,region,2021-08-16,16170
E12000005,West Midlands,region,2021-08-15,16160
E12000005,West Midlands,region,2021-08-14,16149
E12000005,West Midlands,region,2021-08-13,16137
E12000005,West Midlands,region,2021-08-12,16120
E12000005,West Midlands,region,2021-08-11,16110
E12000005,West Midlands,region,2021-08-10,16100
E12000005,West Midlands,region,2021-08-09,16092
E12000005,West Midlands,region,2021-08-08,16086
E12000005,West Midlands,region,2021-08-07,16079
E12000005,West Midlands,region,2021-08-06,16063
E12000005,West Midlands,region,2021-08-05,16053
E12000005,West Midlands,region,2021-08-04,16047
E12000005,West Midlands,region,2021-08-03,16037
E12000005,West Midlands,region,2021-08-02,16032
E12000005,West Midlands,region,2021-08-01,16022
E12000005,West Midlands,region,2021-07-31,16009
E12000005,West Midlands,region,2021-07-30,15998
E12000005,West Midlands,region,2021-07-29,15983
E12000005,West Midlands,region,2021-07-28,15978
E12000005,West Midlands,region,2021-07-27,15975
E12000005,West Midlands,region,2021-07-26,15969
E12000005,West Midlands,region,2021-07-25,15966
E12000005,West Midlands,region,2021-07-24,15960
E12000005,West Midlands,region,2021-07-23,15950
E12000005,West Midlands,region,2021-07-22,15940
E12000005,West Midlands,region,2021-07-21,15931
E12000005,West Midlands,region,2021-07-20,15929
E12000005,West Midlands,region,2021-07-19,15926
E12000005,West Midlands,region,2021-07-18,15913
E12000005,West Midlands,region,2021-07-17,15904
E12000005,West Midlands,region,2021-07-16,15899
E12000005,West Midlands,region,2021-07-15,15893
E12000005,West Midlands,region,2021-07-14,15889
E12000005,West Midlands,region,2021-07-13,15885
E12000005,West Midlands,region,2021-07-12,15882
E12000005,West Midlands,region,2021-07-11,15880
E12000005,West Midlands,region,2021-07-10,15875
E12000005,West Midlands,region,2021-07-09,15870
E12000005,West Midlands,region,2021-07-08,15863
E12000005,West Midlands,region,2021-07-07,15860
E12000005,West Midlands,region,2021-07-06,15857
E12000005,West Midlands,region,2021-07-05,15853
E12000005,West Midlands,region,2021-07-04,15847
E12000005,West Midlands,region,2021-07-03,15843
E12000005,West Midlands,region,2021-07-02,15841
E12000005,West Midlands,region,2021-07-01,15840
E12000005,West Midlands,region,2021-06-30,15837
E12000005,West Midlands,region,2021-06-29,15832
E12000005,West Midlands,region,2021-06-28,15830
E12000005,West Midlands,region,2021-06-27,15828
E12000005,West Midlands,region,2021-06-26,15828
E12000005,West Midlands,region,2021-06-25,15827
E12000005,West Midlands,region,2021-06-24,15824
E12000005,West Midlands,region,2021-06-23,15822
E12000005,West Midlands,region,2021-06-22,15820
E12000005,West Midlands,region,2021-06-21,15820
E12000005,West Midlands,region,2021-06-20,15820
E12000005,West Midlands,region,2021-06-19,15819
E12000005,West Midlands,region,2021-06-18,15818
E12000005,West Midlands,region,2021-06-17,15817
E12000005,West Midlands,region,2021-06-16,15816
E12000005,West Midlands,region,2021-06-15,15813
E12000005,West Midlands,region,2021-06-14,15811
E12000005,West Midlands,region,2021-06-13,15810
E12000005,West Midlands,region,2021-06-12,15809
E12000005,West Midlands,region,2021-06-11,15806
E12000005,West Midlands,region,2021-06-10,15806
E12000005,West Midlands,region,2021-06-09,15804
E12000005,West Midlands,region,2021-06-08,15802
E12000005,West Midlands,region,2021-06-07,15801
E12000005,West Midlands,region,2021-06-06,15801
E12000005,West Midlands,region,2021-06-05,15799
E12000005,West Midlands,region,2021-06-04,15798
E12000005,West Midlands,region,2021-06-03,15796
E12000005,West Midlands,region,2021-06-02,15795
E12000005,West Midlands,region,2021-06-01,15793
E12000005,West Midlands,region,2021-05-31,15791
E12000005,West Midlands,region,2021-05-30,15789
E12000005,West Midlands,region,2021-05-29,15789
E12000005,West Midlands,region,2021-05-28,15789
E12000005,West Midlands,region,2021-05-27,15788
E12000005,West Midlands,region,2021-05-26,15786
E12000005,West Midlands,region,2021-05-25,15784
E12000005,West Midlands,region,2021-05-24,15782
E12000005,West Midlands,region,2021-05-23,15780
E12000005,West Midlands,region,2021-05-22,15779
E12000005,West Midlands,region,2021-05-21,15779
E12000005,West Midlands,region,2021-05-20,15777
E12000005,West Midlands,region,2021-05-19,15777
E12000005,West Midlands,region,2021-05-18,15777
E12000005,West Midlands,region,2021-05-17,15777
E12000005,West Midlands,region,2021-05-16,15775
E12000005,West Midlands,region,2021-05-15,15775
E12000005,West Midlands,region,2021-05-14,15772
E12000005,West Midlands,region,2021-05-13,15770
E12000005,West Midlands,region,2021-05-12,15766
E12000005,West Midlands,region,2021-05-11,15765
E12000005,West Midlands,region,2021-05-10,15761
E12000005,West Midlands,region,2021-05-09,15760
E12000005,West Midlands,region,2021-05-08,15759
E12000005,West Midlands,region,2021-05-07,15756
E12000005,West Midlands,region,2021-05-06,15755
E12000005,West Midlands,region,2021-05-05,15754
E12000005,West Midlands,region,2021-05-04,15753
E12000005,West Midlands,region,2021-05-03,15752
E12000005,West Midlands,region,2021-05-02,15750
E12000005,West Midlands,region,2021-05-01,15750
E12000005,West Midlands,region,2021-04-30,15749
E12000005,West Midlands,region,2021-04-29,15748
E12000005,West Midlands,region,2021-04-28,15747
E12000005,West Midlands,region,2021-04-27,15745
E12000005,West Midlands,region,2021-04-26,15744
E12000005,West Midlands,region,2021-04-25,15738
E12000005,West Midlands,region,2021-04-24,15733
E12000005,West Midlands,region,2021-04-23,15732
E12000005,West Midlands,region,2021-04-22,15725
E12000005,West Midlands,region,2021-04-21,15722
E12000005,West Midlands,region,2021-04-20,15719
E12000005,West Midlands,region,2021-04-19,15716
E12000005,West Midlands,region,2021-04-18,15712
E12000005,West Midlands,region,2021-04-17,15708
E12000005,West Midlands,region,2021-04-16,15700
E12000005,West Midlands,region,2021-04-15,15698
E12000005,West Midlands,region,2021-04-14,15695
E12000005,West Midlands,region,2021-04-13,15690
E12000005,West Midlands,region,2021-04-12,15688
E12000005,West Midlands,region,2021-04-11,15683
E12000005,West Midlands,region,2021-04-10,15677
E12000005,West Midlands,region,2021-04-09,15674
E12000005,West Midlands,region,2021-04-08,15667
E12000005,West Midlands,region,2021-04-07,15660
E12000005,West Midlands,region,2021-04-06,15659
E12000005,West Midlands,region,2021-04-05,15652
E12000005,West Midlands,region,2021-04-04,15645
E12000005,West Midlands,region,2021-04-03,15641
E12000005,West Midlands,region,2021-04-02,15636
E12000005,West Midlands,region,2021-04-01,15629
E12000005,West Midlands,region,2021-03-31,15616
E12000005,West Midlands,region,2021-03-30,15605
E12000005,West Midlands,region,2021-03-29,15600
E12000005,West Midlands,region,2021-03-28,15593
E12000005,West Midlands,region,2021-03-27,15591
E12000005,West Midlands,region,2021-03-26,15585
E12000005,West Midlands,region,2021-03-25,15580
E12000005,West Midlands,region,2021-03-24,15573
E12000005,West Midlands,region,2021-03-23,15569
E12000005,West Midlands,region,2021-03-22,15555
E12000005,West Midlands,region,2021-03-21,15543
E12000005,West Midlands,region,2021-03-20,15532
E12000005,West Midlands,region,2021-03-19,15515
E12000005,West Midlands,region,2021-03-18,15508
E12000005,West Midlands,region,2021-03-17,15498
E12000005,West Midlands,region,2021-03-16,15478
E12000005,West Midlands,region,2021-03-15,15465
E12000005,West Midlands,region,2021-03-14,15451
E12000005,West Midlands,region,2021-03-13,15440
E12000005,West Midlands,region,2021-03-12,15428
E12000005,West Midlands,region,2021-03-11,15406
E12000005,West Midlands,region,2021-03-10,15390
E12000005,West Midlands,region,2021-03-09,15369
E12000005,West Midlands,region,2021-03-08,15354
E12000005,West Midlands,region,2021-03-07,15328
E12000005,West Midlands,region,2021-03-06,15308
E12000005,West Midlands,region,2021-03-05,15294
E12000005,West Midlands,region,2021-03-04,15268
E12000005,West Midlands,region,2021-03-03,15239
E12000005,West Midlands,region,2021-03-02,15212
E12000005,West Midlands,region,2021-03-01,15181
E12000005,West Midlands,region,2021-02-28,15138
E12000005,West Midlands,region,2021-02-27,15105
E12000005,West Midlands,region,2021-02-26,15068
E12000005,West Midlands,region,2021-02-25,15034
E12000005,West Midlands,region,2021-02-24,14984
E12000005,West Midlands,region,2021-02-23,14948
E12000005,West Midlands,region,2021-02-22,14893
E12000005,West Midlands,region,2021-02-21,14840
E12000005,West Midlands,region,2021-02-20,14793
E12000005,West Midlands,region,2021-02-19,14735
E12000005,West Midlands,region,2021-02-18,14682
E12000005,West Midlands,region,2021-02-17,14629
E12000005,West Midlands,region,2021-02-16,14568
E12000005,West Midlands,region,2021-02-15,14505
E12000005,West Midlands,region,2021-02-14,14429
E12000005,West Midlands,region,2021-02-13,14355
E12000005,West Midlands,region,2021-02-12,14286
E12000005,West Midlands,region,2021-02-11,14215
E12000005,West Midlands,region,2021-02-10,14136
E12000005,West Midlands,region,2021-02-09,14062
E12000005,West Midlands,region,2021-02-08,13983
E12000005,West Midlands,region,2021-02-07,13885
E12000005,West Midlands,region,2021-02-06,13789
E12000005,West Midlands,region,2021-02-05,13698
E12000005,West Midlands,region,2021-02-04,13612
E12000005,West Midlands,region,2021-02-03,13514
E12000005,West Midlands,region,2021-02-02,13412
E12000005,West Midlands,region,2021-02-01,13312
E12000005,West Midlands,region,2021-01-31,13194
E12000005,West Midlands,region,2021-01-30,13082
E12000005,West Midlands,region,2021-01-29,12961
E12000005,West Midlands,region,2021-01-28,12841
E12000005,West Midlands,region,2021-01-27,12710
E12000005,West Midlands,region,2021-01-26,12593
E12000005,West Midlands,region,2021-01-25,12468
E12000005,West Midlands,region,2021-01-24,12330
E12000005,West Midlands,region,2021-01-23,12201
E12000005,West Midlands,region,2021-01-22,12058
E12000005,West Midlands,region,2021-01-21,11909
E12000005,West Midlands,region,2021-01-20,11768
E12000005,West Midlands,region,2021-01-19,11641
E12000005,West Midlands,region,2021-01-18,11512
E12000005,West Midlands,region,2021-01-17,11370
E12000005,West Midlands,region,2021-01-16,11247
E12000005,West Midlands,region,2021-01-15,11118
E12000005,West Midlands,region,2021-01-14,10996
E12000005,West Midlands,region,2021-01-13,10877
E12000005,West Midlands,region,2021-01-12,10771
E12000005,West Midlands,region,2021-01-11,10638
E12000005,West Midlands,region,2021-01-10,10502
E12000005,West Midlands,region,2021-01-09,10386
E12000005,West Midlands,region,2021-01-08,10277
E12000005,West Midlands,region,2021-01-07,10169
E12000005,West Midlands,region,2021-01-06,10076
E12000005,West Midlands,region,2021-01-05,9989
E12000005,West Midlands,region,2021-01-04,9910
E12000005,West Midlands,region,2021-01-03,9828
E12000005,West Midlands,region,2021-01-02,9775
E12000005,West Midlands,region,2021-01-01,9709
E12000005,West Midlands,region,2020-12-31,9646
E12000005,West Midlands,region,2020-12-30,9587
E12000005,West Midlands,region,2020-12-29,9508
E12000005,West Midlands,region,2020-12-28,9454
E12000005,West Midlands,region,2020-12-27,9401
E12000005,West Midlands,region,2020-12-26,9337
E12000005,West Midlands,region,2020-12-25,9271
E12000005,West Midlands,region,2020-12-24,9217
E12000005,West Midlands,region,2020-12-23,9159
E12000005,West Midlands,region,2020-12-22,9105
E12000005,West Midlands,region,2020-12-21,9047
E12000005,West Midlands,region,2020-12-20,8992
E12000005,West Midlands,region,2020-12-19,8947
E12000005,West Midlands,region,2020-12-18,8897
E12000005,West Midlands,region,2020-12-17,8834
E12000005,West Midlands,region,2020-12-16,8774
E12000005,West Midlands,region,2020-12-15,8722
E12000005,West Midlands,region,2020-12-14,8675
E12000005,West Midlands,region,2020-12-13,8622
E12000005,West Midlands,region,2020-12-12,8563
E12000005,West Midlands,region,2020-12-11,8510
E12000005,West Midlands,region,2020-12-10,8454
E12000005,West Midlands,region,2020-12-09,8398
E12000005,West Midlands,region,2020-12-08,8348
E12000005,West Midlands,region,2020-12-07,8284
E12000005,West Midlands,region,2020-12-06,8229
E12000005,West Midlands,region,2020-12-05,8172
E12000005,West Midlands,region,2020-12-04,8122
E12000005,West Midlands,region,2020-12-03,8063
E12000005,West Midlands,region,2020-12-02,8006
E12000005,West Midlands,region,2020-12-01,7965
E12000005,West Midlands,region,2020-11-30,7911
E12000005,West Midlands,region,2020-11-29,7844
E12000005,West Midlands,region,2020-11-28,7771
E12000005,West Midlands,region,2020-11-27,7717
E12000005,West Midlands,region,2020-11-26,7667
E12000005,West Midlands,region,2020-11-25,7605
E12000005,West Midlands,region,2020-11-24,7553
E12000005,West Midlands,region,2020-11-23,7496
E12000005,West Midlands,region,2020-11-22,7438
E12000005,West Midlands,region,2020-11-21,7385
E12000005,West Midlands,region,2020-11-20,7330
E12000005,West Midlands,region,2020-11-19,7266
E12000005,West Midlands,region,2020-11-18,7210
E12000005,West Midlands,region,2020-11-17,7155
E12000005,West Midlands,region,2020-11-16,7103
E12000005,West Midlands,region,2020-11-15,7053
E12000005,West Midlands,region,2020-11-14,6999
E12000005,West Midlands,region,2020-11-13,6952
E12000005,West Midlands,region,2020-11-12,6916
E12000005,West Midlands,region,2020-11-11,6872
E12000005,West Midlands,region,2020-11-10,6823
E12000005,West Midlands,region,2020-11-09,6780
E12000005,West Midlands,region,2020-11-08,6740
E12000005,West Midlands,region,2020-11-07,6702
E12000005,West Midlands,region,2020-11-06,6656
E12000005,West Midlands,region,2020-11-05,6619
E12000005,West Midlands,region,2020-11-04,6579
E12000005,West Midlands,region,2020-11-03,6543
E12000005,West Midlands,region,2020-11-02,6515
E12000005,West Midlands,region,2020-11-01,6480
E12000005,West Midlands,region,2020-10-31,6453
E12000005,West Midlands,region,2020-10-30,6420
E12000005,West Midlands,region,2020-10-29,6390
E12000005,West Midlands,region,2020-10-28,6365
E12000005,West Midlands,region,2020-10-27,6354
E12000005,West Midlands,region,2020-10-26,6329
E12000005,West Midlands,region,2020-10-25,6305
E12000005,West Midlands,region,2020-10-24,6288
E12000005,West Midlands,region,2020-10-23,6278
E12000005,West Midlands,region,2020-10-22,6258
E12000005,West Midlands,region,2020-10-21,6238
E12000005,West Midlands,region,2020-10-20,6224
E12000005,West Midlands,region,2020-10-19,6208
E12000005,West Midlands,region,2020-10-18,6196
E12000005,West Midlands,region,2020-10-17,6189
E12000005,West Midlands,region,2020-10-16,6170
E12000005,West Midlands,region,2020-10-15,6159
E12000005,West Midlands,region,2020-10-14,6147
E12000005,West Midlands,region,2020-10-13,6137
E12000005,West Midlands,region,2020-10-12,6127
E12000005,West Midlands,region,2020-10-11,6123
E12000005,West Midlands,region,2020-10-10,6110
E12000005,West Midlands,region,2020-10-09,6107
E12000005,West Midlands,region,2020-10-08,6105
E12000005,West Midlands,region,2020-10-07,6092
E12000005,West Midlands,region,2020-10-06,6084
E12000005,West Midlands,region,2020-10-05,6077
E12000005,West Midlands,region,2020-10-04,6074
E12000005,West Midlands,region,2020-10-03,6065
E12000005,West Midlands,region,2020-10-02,6061
E12000005,West Midlands,region,2020-10-01,6054
E12000005,West Midlands,region,2020-09-30,6046
E12000005,West Midlands,region,2020-09-29,6039
E12000005,West Midlands,region,2020-09-28,6038
E12000005,West Midlands,region,2020-09-27,6034
E12000005,West Midlands,region,2020-09-26,6028
E12000005,West Midlands,region,2020-09-25,6024
E12000005,West Midlands,region,2020-09-24,6021
E12000005,West Midlands,region,2020-09-23,6016
E12000005,West Midlands,region,2020-09-22,6005
E12000005,West Midlands,region,2020-09-21,6001
E12000005,West Midlands,region,2020-09-20,5997
E12000005,West Midlands,region,2020-09-19,5990
E12000005,West Midlands,region,2020-09-18,5988
E12000005,West Midlands,region,2020-09-17,5982
E12000005,West Midlands,region,2020-09-16,5979
E12000005,West Midlands,region,2020-09-15,5974
E12000005,West Midlands,region,2020-09-14,5973
E12000005,West Midlands,region,2020-09-13,5972
E12000005,West Midlands,region,2020-09-12,5969
E12000005,West Midlands,region,2020-09-11,5966
E12000005,West Midlands,region,2020-09-10,5965
E12000005,West Midlands,region,2020-09-09,5964
E12000005,West Midlands,region,2020-09-08,5964
E12000005,West Midlands,region,2020-09-07,5961
E12000005,West Midlands,region,2020-09-06,5958
E12000005,West Midlands,region,2020-09-05,5957
E12000005,West Midlands,region,2020-09-04,5957
E12000005,West Midlands,region,2020-09-03,5956
E12000005,West Midlands,region,2020-09-02,5956
E12000005,West Midlands,region,2020-09-01,5956
E12000005,West Midlands,region,2020-08-31,5955
E12000005,West Midlands,region,2020-08-30,5955
E12000005,West Midlands,region,2020-08-29,5954
E12000005,West Midlands,region,2020-08-28,5954
E12000005,West Midlands,region,2020-08-27,5953
E12000005,West Midlands,region,2020-08-26,5952
E12000005,West Midlands,region,2020-08-25,5948
E12000005,West Midlands,region,2020-08-24,5946
E12000005,West Midlands,region,2020-08-23,5946
E12000005,West Midlands,region,2020-08-22,5946
E12000005,West Midlands,region,2020-08-21,5946
E12000005,West Midlands,region,2020-08-20,5946
E12000005,West Midlands,region,2020-08-19,5946
E12000005,West Midlands,region,2020-08-18,5945
E12000005,West Midlands,region,2020-08-17,5944
E12000005,West Midlands,region,2020-08-16,5943
E12000005,West Midlands,region,2020-08-15,5940
E12000005,West Midlands,region,2020-08-14,5938
E12000005,West Midlands,region,2020-08-13,5938
E12000005,West Midlands,region,2020-08-12,5935
E12000005,West Midlands,region,2020-08-11,5933
E12000005,West Midlands,region,2020-08-10,5929
E12000005,West Midlands,region,2020-08-09,5928
E12000005,West Midlands,region,2020-08-08,5928
E12000005,West Midlands,region,2020-08-07,5927
E12000005,West Midlands,region,2020-08-06,5923
E12000005,West Midlands,region,2020-08-05,5922
E12000005,West Midlands,region,2020-08-04,5922
E12000005,West Midlands,region,2020-08-03,5920
E12000005,West Midlands,region,2020-08-02,5919
E12000005,West Midlands,region,2020-08-01,5919
E12000005,West Midlands,region,2020-07-31,5918
E12000005,West Midlands,region,2020-07-30,5913
E12000005,West Midlands,region,2020-07-29,5912
E12000005,West Midlands,region,2020-07-28,5911
E12000005,West Midlands,region,2020-07-27,5910
E12000005,West Midlands,region,2020-07-26,5906
E12000005,West Midlands,region,2020-07-25,5904
E12000005,West Midlands,region,2020-07-24,5901
E12000005,West Midlands,region,2020-07-23,5901
E12000005,West Midlands,region,2020-07-22,5897
E12000005,West Midlands,region,2020-07-21,5891
E12000005,West Midlands,region,2020-07-20,5889
E12000005,West Midlands,region,2020-07-19,5887
E12000005,West Midlands,region,2020-07-18,5886
E12000005,West Midlands,region,2020-07-17,5885
E12000005,West Midlands,region,2020-07-16,5881
E12000005,West Midlands,region,2020-07-15,5881
E12000005,West Midlands,region,2020-07-14,5878
E12000005,West Midlands,region,2020-07-13,5873
E12000005,West Midlands,region,2020-07-12,5872
E12000005,West Midlands,region,2020-07-11,5870
E12000005,West Midlands,region,2020-07-10,5866
E12000005,West Midlands,region,2020-07-09,5863
E12000005,West Midlands,region,2020-07-08,5856
E12000005,West Midlands,region,2020-07-07,5854
E12000005,West Midlands,region,2020-07-06,5848
E12000005,West Midlands,region,2020-07-05,5842
E12000005,West Midlands,region,2020-07-04,5837
E12000005,West Midlands,region,2020-07-03,5831
E12000005,West Midlands,region,2020-07-02,5823
E12000005,West Midlands,region,2020-07-01,5815
E12000005,West Midlands,region,2020-06-30,5809
E12000005,West Midlands,region,2020-06-29,5800
E12000005,West Midlands,region,2020-06-28,5794
E12000005,West Midlands,region,2020-06-27,5791
E12000005,West Midlands,region,2020-06-26,5784
E12000005,West Midlands,region,2020-06-25,5776
E12000005,West Midlands,region,2020-06-24,5759
E12000005,West Midlands,region,2020-06-23,5752
E12000005,West Midlands,region,2020-06-22,5739
E12000005,West Midlands,region,2020-06-21,5729
E12000005,West Midlands,region,2020-06-20,5720
E12000005,West Midlands,region,2020-06-19,5710
E12000005,West Midlands,region,2020-06-18,5702
E12000005,West Midlands,region,2020-06-17,5688
E12000005,West Midlands,region,2020-06-16,5678
E12000005,West Midlands,region,2020-06-15,5668
E12000005,West Midlands,region,2020-06-14,5656
E12000005,West Midlands,region,2020-06-13,5635
E12000005,West Midlands,region,2020-06-12,5627
E12000005,West Midlands,region,2020-06-11,5614
E12000005,West Midlands,region,2020-06-10,5608
E12000005,West Midlands,region,2020-06-09,5595
E12000005,West Midlands,region,2020-06-08,5579
E12000005,West Midlands,region,2020-06-07,5561
E12000005,West Midlands,region,2020-06-06,5546
E12000005,West Midlands,region,2020-06-05,5531
E12000005,West Midlands,region,2020-06-04,5513
E12000005,West Midlands,region,2020-06-03,5498
E12000005,West Midlands,region,2020-06-02,5480
E12000005,West Midlands,region,2020-06-01,5455
E12000005,West Midlands,region,2020-05-31,5437
E12000005,West Midlands,region,2020-05-30,5414
E12000005,West Midlands,region,2020-05-29,5399
E12000005,West Midlands,region,2020-05-28,5378
E12000005,West Midlands,region,2020-05-27,5354
E12000005,West Midlands,region,2020-05-26,5325
E12000005,West Midlands,region,2020-05-25,5289
E12000005,West Midlands,region,2020-05-24,5267
E12000005,West Midlands,region,2020-05-23,5244
E12000005,West Midlands,region,2020-05-22,5216
E12000005,West Midlands,region,2020-05-21,5192
E12000005,West Midlands,region,2020-05-20,5156
E12000005,West Midlands,region,2020-05-19,5126
E12000005,West Midlands,region,2020-05-18,5092
E12000005,West Midlands,region,2020-05-17,5047
E12000005,West Midlands,region,2020-05-16,5003
E12000005,West Midlands,region,2020-05-15,4952
E12000005,West Midlands,region,2020-05-14,4913
E12000005,West Midlands,region,2020-05-13,4872
E12000005,West Midlands,region,2020-05-12,4819
E12000005,West Midlands,region,2020-05-11,4776
E12000005,West Midlands,region,2020-05-10,4741
E12000005,West Midlands,region,2020-05-09,4694
E12000005,West Midlands,region,2020-05-08,4644
E12000005,West Midlands,region,2020-05-07,4593
E12000005,West Midlands,region,2020-05-06,4535
E12000005,West Midlands,region,2020-05-05,4479
E12000005,West Midlands,region,2020-05-04,4412
E12000005,West Midlands,region,2020-05-03,4342
E12000005,West Midlands,region,2020-05-02,4277
E12000005,West Midlands,region,2020-05-01,4206
E12000005,West Midlands,region,2020-04-30,4124
E12000005,West Midlands,region,2020-04-29,4056
E12000005,West Midlands,region,2020-04-28,3985
E12000005,West Midlands,region,2020-04-27,3919
E12000005,West Midlands,region,2020-04-26,3834
E12000005,West Midlands,region,2020-04-25,3727
E12000005,West Midlands,region,2020-04-24,3635
E12000005,West Midlands,region,2020-04-23,3549
E12000005,West Midlands,region,2020-04-22,3437
E12000005,West Midlands,region,2020-04-21,3338
E12000005,West Midlands,region,2020-04-20,3226
E12000005,West Midlands,region,2020-04-19,3120
E12000005,West Midlands,region,2020-04-18,3013
E12000005,West Midlands,region,2020-04-17,2890
E12000005,West Midlands,region,2020-04-16,2749
E12000005,West Midlands,region,2020-04-15,2618
E12000005,West Midlands,region,2020-04-14,2485
E12000005,West Midlands,region,2020-04-13,2368
E12000005,West Midlands,region,2020-04-12,2249
E12000005,West Midlands,region,2020-04-11,2111
E12000005,West Midlands,region,2020-04-10,1965
E12000005,West Midlands,region,2020-04-09,1832
E12000005,West Midlands,region,2020-04-08,1703
E12000005,West Midlands,region,2020-04-07,1541
E12000005,West Midlands,region,2020-04-06,1429
E12000005,West Midlands,region,2020-04-05,1314
E12000005,West Midlands,region,2020-04-04,1178
E12000005,West Midlands,region,2020-04-03,1051
E12000005,West Midlands,region,2020-04-02,949
E12000005,West Midlands,region,2020-04-01,812
E12000005,West Midlands,region,2020-03-31,681
E12000005,West Midlands,region,2020-03-30,566
E12000005,West Midlands,region,2020-03-29,479
E12000005,West Midlands,region,2020-03-28,402
E12000005,West Midlands,region,2020-03-27,326
E12000005,West Midlands,region,2020-03-26,267
E12000005,West Midlands,region,2020-03-25,212
E12000005,West Midlands,region,2020-03-24,167
E12000005,West Midlands,region,2020-03-23,137
E12000005,West Midlands,region,2020-03-22,108
E12000005,West Midlands,region,2020-03-21,85
E12000005,West Midlands,region,2020-03-20,68
E12000005,West Midlands,region,2020-03-19,49
E12000005,West Midlands,region,2020-03-18,41
E12000005,West Midlands,region,2020-03-17,32
E12000005,West Midlands,region,2020-03-16,24
E12000005,West Midlands,region,2020-03-15,16
E12000005,West Midlands,region,2020-03-14,12
E12000005,West Midlands,region,2020-03-13,10
E12000005,West Midlands,region,2020-03-12,8
E12000005,West Midlands,region,2020-03-11,4
E12000005,West Midlands,region,2020-03-10,3
E12000005,West Midlands,region,2020-03-09,2
E12000005,West Midlands,region,2020-03-08,1
E12000006,East of England,region,2022-12-02,20588
E12000006,East of England,region,2022-12-01,20586
E12000006,East of England,region,2022-11-30,20582
E12000006,East of England,region,2022-11-29,20580
E12000006,East of England,region,2022-11-28,20577
E12000006,East of England,region,2022-11-27,20568
E12000006,East of England,region,2022-11-26,20559
E12000006,East of England,region,2022-11-25,20557
E12000006,East of England,region,2022-11-24,20553
E12000006,East of England,region,2022-11-23,20550
E12000006,East of England,region,2022-11-22,20543
E12000006,East of England,region,2022-11-21,20541
E12000006,East of England,region,2022-11-20,20536
E12000006,East of England,region,2022-11-19,20529
E12000006,East of England,region,2022-11-18,20524
E12000006,East of England,region,2022-11-17,20518
E12000006,East of England,region,2022-11-16,20510
E12000006,East of England,region,2022-11-15,20500
E12000006,East of England,region,2022-11-14,20492
E12000006,East of England,region,2022-11-13,20488
E12000006,East of England,region,2022-11-12,20481
E12000006,East of England,region,2022-11-11,20475
E12000006,East of England,region,2022-11-10,20471
E12000006,East of England,region,2022-11-09,20467
E12000006,East of England,region,2022-11-08,20462
E12000006,East of England,region,2022-11-07,20453
E12000006,East of England,region,2022-11-06,20442
E12000006,East of England,region,2022-11-05,20438
E12000006,East of England,region,2022-11-04,20429
E12000006,East of England,region,2022-11-03,20425
E12000006,East of England,region,2022-11-02,20416
E12000006,East of England,region,2022-11-01,20407
E12000006,East of England,region,2022-10-31,20403
E12000006,East of England,region,2022-10-30,20397
E12000006,East of England,region,2022-10-29,20382
E12000006,East of England,region,2022-10-28,20376
E12000006,East of England,region,2022-10-27,20363
E12000006,East of England,region,2022-10-26,20351
E12000006,East of England,region,2022-10-25,20344
E12000006,East of England,region,2022-10-24,20332
E12000006,East of England,region,2022-10-23,20318
E12000006,East of England,region,2022-10-22,20303
E12000006,East of England,region,2022-10-21,20295
E12000006,East of England,region,2022-10-20,20285
E12000006,East of England,region,2022-10-19,20266
E12000006,East of England,region,2022-10-18,20253
E12000006,East of England,region,2022-10-17,20242
E12000006,East of England,region,2022-10-16,20227
E12000006,East of England,region,2022-10-15,20216
E12000006,East of England,region,2022-10-14,20199
E12000006,East of England,region,2022-10-13,20188
E12000006,East of England,region,2022-10-12,20175
E12000006,East of England,region,2022-10-11,20155
E12000006,East of England,region,2022-10-10,20145
E12000006,East of England,region,2022-10-09,20138
E12000006,East of England,region,2022-10-08,20134
E12000006,East of England,region,2022-10-07,20116
E12000006,East of England,region,2022-10-06,20103
E12000006,East of England,region,2022-10-05,20090
E12000006,East of England,region,2022-10-04,20081
E12000006,East of England,region,2022-10-03,20074
E12000006,East of England,region,2022-10-02,20064
E12000006,East of England,region,2022-10-01,20058
E12000006,East of England,region,2022-09-30,20052
E12000006,East of England,region,2022-09-29,20049
E12000006,East of England,region,2022-09-28,20045
E12000006,East of England,region,2022-09-27,20034
E12000006,East of England,region,2022-09-26,20028
E12000006,East of England,region,2022-09-25,20025
E12000006,East of England,region,2022-09-24,20023
E12000006,East of England,region,2022-09-23,20022
E12000006,East of England,region,2022-09-22,20017
E12000006,East of England,region,2022-09-21,20012
E12000006,East of England,region,2022-09-20,20009
E12000006,East of England,region,2022-09-19,20007
E12000006,East of England,region,2022-09-18,20002
E12000006,East of England,region,2022-09-17,19999
E12000006,East of England,region,2022-09-16,19997
E12000006,East of England,region,2022-09-15,19993
E12000006,East of England,region,2022-09-14,19990
E12000006,East of England,region,2022-09-13,19989
E12000006,East of England,region,2022-09-12,19984
E12000006,East of England,region,2022-09-11,19982
E12000006,East of England,region,2022-09-10,19980
E12000006,East of England,region,2022-09-09,19977
E12000006,East of England,region,2022-09-08,19975
E12000006,East of England,region,2022-09-07,19969
E12000006,East of England,region,2022-09-06,19960
E12000006,East of England,region,2022-09-05,19958
E12000006,East of England,region,2022-09-04,19955
E12000006,East of England,region,2022-09-03,19950
E12000006,East of England,region,2022-09-02,19945
E12000006,East of England,region,2022-09-01,19934
E12000006,East of England,region,2022-08-31,19929
E12000006,East of England,region,2022-08-30,19925
E12000006,East of England,region,2022-08-29,19919
E12000006,East of England,region,2022-08-28,19916
E12000006,East of England,region,2022-08-27,19908
E12000006,East of England,region,2022-08-26,19903
E12000006,East of England,region,2022-08-25,19900
E12000006,East of England,region,2022-08-24,19895
E12000006,East of England,region,2022-08-23,19890
E12000006,East of England,region,2022-08-22,19883
E12000006,East of England,region,2022-08-21,19881
E12000006,East of England,region,2022-08-20,19876
E12000006,East of England,region,2022-08-19,19867
E12000006,East of England,region,2022-08-18,19858
E12000006,East of England,region,2022-08-17,19849
E12000006,East of England,region,2022-08-16,19844
E12000006,East of England,region,2022-08-15,19841
E12000006,East of England,region,2022-08-14,19832
E12000006,East of England,region,2022-08-13,19825
E12000006,East of England,region,2022-08-12,19820
E12000006,East of England,region,2022-08-11,19811
E12000006,East of England,region,2022-08-10,19802
E12000006,East of England,region,2022-08-09,19797
E12000006,East of England,region,2022-08-08,19785
E12000006,East of England,region,2022-08-07,19776
E12000006,East of England,region,2022-08-06,19767
E12000006,East of England,region,2022-08-05,19765
E12000006,East of England,region,2022-08-04,19757
E12000006,East of England,region,2022-08-03,19746
E12000006,East of England,region,2022-08-02,19735
E12000006,East of England,region,2022-08-01,19730
E12000006,East of England,region,2022-07-31,19722
E12000006,East of England,region,2022-07-30,19715
E12000006,East of England,region,2022-07-29,19708
E12000006,East of England,region,2022-07-28,19696
E12000006,East of England,region,2022-07-27,19680
E12000006,East of England,region,2022-07-26,19662
E12000006,East of England,region,2022-07-25,19652
E12000006,East of England,region,2022-07-24,19642
E12000006,East of England,region,2022-07-23,19629
E12000006,East of England,region,2022-07-22,19623
E12000006,East of England,region,2022-07-21,19609
E12000006,East of England,region,2022-07-20,19598
E12000006,East of England,region,2022-07-19,19575
E12000006,East of England,region,2022-07-18,19554
E12000006,East of England,region,2022-07-17,19539
E12000006,East of England,region,2022-07-16,19526
E12000006,East of England,region,2022-07-15,19519
E12000006,East of England,region,2022-07-14,19507
E12000006,East of England,region,2022-07-13,19496
E12000006,East of England,region,2022-07-12,19486
E12000006,East of England,region,2022-07-11,19469
E12000006,East of England,region,2022-07-10,19454
E12000006,East of England,region,2022-07-09,19442
E12000006,East of England,region,2022-07-08,19433
E12000006,East of England,region,2022-07-07,19423
E12000006,East of England,region,2022-07-06,19414
E12000006,East of England,region,2022-07-05,19403
E12000006,East of England,region,2022-07-04,19398
E12000006,East of England,region,2022-07-03,19386
E12000006,East of England,region,2022-07-02,19377
E12000006,East of England,region,2022-07-01,19369
E12000006,East of England,region,2022-06-30,19360
E12000006,East of England,region,2022-06-29,19352
E12000006,East of England,region,2022-06-28,19346
E12000006,East of England,region,2022-06-27,19337
E12000006,East of England,region,2022-06-26,19332
E12000006,East of England,region,2022-06-25,19328
E12000006,East of England,region,2022-06-24,19318
E12000006,East of England,region,2022-06-23,19314
E12000006,East of England,region,2022-06-22,19310
E12000006,East of England,region,2022-06-21,19304
E12000006,East of England,region,2022-06-20,19298
E12000006,East of England,region,2022-06-19,19292
E12000006,East of England,region,2022-06-18,19288
E12000006,East of England,region,2022-06-17,19280
E12000006,East of England,region,2022-06-16,19276
E12000006,East of England,region,2022-06-15,19270
E12000006,East of England,region,2022-06-14,19269
E12000006,East of England,region,2022-06-13,19266
E12000006,East of England,region,2022-06-12,19264
E12000006,East of England,region,2022-06-11,19259
E12000006,East of England,region,2022-06-10,19251
E12000006,East of England,region,2022-06-09,19248
E12000006,East of England,region,2022-06-08,19244
E12000006,East of England,region,2022-06-07,19240
E12000006,East of England,region,2022-06-06,19238
E12000006,East of England,region,2022-06-05,19231
E12000006,East of England,region,2022-06-04,19227
E12000006,East of England,region,2022-06-03,19221
E12000006,East of England,region,2022-06-02,19217
E12000006,East of England,region,2022-06-01,19211
E12000006,East of England,region,2022-05-31,19207
E12000006,East of England,region,2022-05-30,19202
E12000006,East of England,region,2022-05-29,19197
E12000006,East of England,region,2022-05-28,19195
E12000006,East of England,region,2022-05-27,19188
E12000006,East of England,region,2022-05-26,19183
E12000006,East of England,region,2022-05-25,19181
E12000006,East of England,region,2022-05-24,19180
E12000006,East of England,region,2022-05-23,19178
E12000006,East of England,region,2022-05-22,19171
E12000006,East of England,region,2022-05-21,19165
E12000006,East of England,region,2022-05-20,19162
E12000006,East of England,region,2022-05-19,19155
E12000006,East of England,region,2022-05-18,19152
E12000006,East of England,region,2022-05-17,19144
E12000006,East of England,region,2022-05-16,19129
E12000006,East of England,region,2022-05-15,19125
E12000006,East of England,region,2022-05-14,19120
E12000006,East of England,region,2022-05-13,19112
E12000006,East of England,region,2022-05-12,19099
E12000006,East of England,region,2022-05-11,19089
E12000006,East of England,region,2022-05-10,19079
E12000006,East of England,region,2022-05-09,19066
E12000006,East of England,region,2022-05-08,19059
E12000006,East of England,region,2022-05-07,19048
E12000006,East of England,region,2022-05-06,19030
E12000006,East of England,region,2022-05-05,19020
E12000006,East of England,region,2022-05-04,19012
E12000006,East of England,region,2022-05-03,18998
E12000006,East of England,region,2022-05-02,18986
E12000006,East of England,region,2022-05-01,18973
E12000006,East of England,region,2022-04-30,18959
E12000006,East of England,region,2022-04-29,18947
E12000006,East of England,region,2022-04-28,18937
E12000006,East of England,region,2022-04-27,18923
E12000006,East of England,region,2022-04-26,18906
E12000006,East of England,region,2022-04-25,18902
E12000006,East of England,region,2022-04-24,18886
E12000006,East of England,region,2022-04-23,18874
E12000006,East of England,region,2022-04-22,18859
E12000006,East of England,region,2022-04-21,18838
E12000006,East of England,region,2022-04-20,18826
E12000006,East of England,region,2022-04-19,18808
E12000006,East of England,region,2022-04-18,18793
E12000006,East of England,region,2022-04-17,18779
E12000006,East of England,region,2022-04-16,18764
E12000006,East of England,region,2022-04-15,18750
E12000006,East of England,region,2022-04-14,18740
E12000006,East of England,region,2022-04-13,18724
E12000006,East of England,region,2022-04-12,18710
E12000006,East of England,region,2022-04-11,18683
E12000006,East of England,region,2022-04-10,18670
E12000006,East of England,region,2022-04-09,18653
E12000006,East of England,region,2022-04-08,18630
E12000006,East of England,region,2022-04-07,18612
E12000006,East of England,region,2022-04-06,18582
E12000006,East of England,region,2022-04-05,18572
E12000006,East of England,region,2022-04-04,18555
E12000006,East of England,region,2022-04-03,18534
E12000006,East of England,region,2022-04-02,18516
E12000006,East of England,region,2022-04-01,18494
E12000006,East of England,region,2022-03-31,18470
E12000006,East of England,region,2022-03-30,18450
E12000006,East of England,region,2022-03-29,18432
E12000006,East of England,region,2022-03-28,18415
E12000006,East of England,region,2022-03-27,18396
E12000006,East of England,region,2022-03-26,18381
E12000006,East of England,region,2022-03-25,18360
E12000006,East of England,region,2022-03-24,18341
E12000006,East of England,region,2022-03-23,18326
E12000006,East of England,region,2022-03-22,18313
E12000006,East of England,region,2022-03-21,18296
E12000006,East of England,region,2022-03-20,18282
E12000006,East of England,region,2022-03-19,18272
E12000006,East of England,region,2022-03-18,18257
E12000006,East of England,region,2022-03-17,18243
E12000006,East of England,region,2022-03-16,18232
E12000006,East of England,region,2022-03-15,18218
E12000006,East of England,region,2022-03-14,18204
E12000006,East of England,region,2022-03-13,18191
E12000006,East of England,region,2022-03-12,18180
E12000006,East of England,region,2022-03-11,18172
E12000006,East of England,region,2022-03-10,18159
E12000006,East of England,region,2022-03-09,18144
E12000006,East of England,region,2022-03-08,18132
E12000006,East of England,region,2022-03-07,18122
E12000006,East of England,region,2022-03-06,18115
E12000006,East of England,region,2022-03-05,18109
E12000006,East of England,region,2022-03-04,18101
E12000006,East of England,region,2022-03-03,18088
E12000006,East of England,region,2022-03-02,18077
E12000006,East of England,region,2022-03-01,18060
E12000006,East of England,region,2022-02-28,18050
E12000006,East of England,region,2022-02-27,18037
E12000006,East of England,region,2022-02-26,18027
E12000006,East of England,region,2022-02-25,18018
E12000006,East of England,region,2022-02-24,18005
E12000006,East of England,region,2022-02-23,17992
E12000006,East of England,region,2022-02-22,17980
E12000006,East of England,region,2022-02-21,17972
E12000006,East of England,region,2022-02-20,17963
E12000006,East of England,region,2022-02-19,17952
E12000006,East of England,region,2022-02-18,17943
E12000006,East of England,region,2022-02-17,17933
E12000006,East of England,region,2022-02-16,17923
E12000006,East of England,region,2022-02-15,17911
E12000006,East of England,region,2022-02-14,17891
E12000006,East of England,region,2022-02-13,17874
E12000006,East of England,region,2022-02-12,17866
E12000006,East of England,region,2022-02-11,17845
E12000006,East of England,region,2022-02-10,17834
E12000006,East of England,region,2022-02-09,17818
E12000006,East of England,region,2022-02-08,17800
E12000006,East of England,region,2022-02-07,17789
E12000006,East of England,region,2022-02-06,17768
E12000006,East of England,region,2022-02-05,17754
E12000006,East of England,region,2022-02-04,17739
E12000006,East of England,region,2022-02-03,17719
E12000006,East of England,region,2022-02-02,17703
E12000006,East of England,region,2022-02-01,17686
E12000006,East of England,region,2022-01-31,17673
E12000006,East of England,region,2022-01-30,17653
E12000006,East of England,region,2022-01-29,17635
E12000006,East of England,region,2022-01-28,17615
E12000006,East of England,region,2022-01-27,17601
E12000006,East of England,region,2022-01-26,17586
E12000006,East of England,region,2022-01-25,17567
E12000006,East of England,region,2022-01-24,17548
E12000006,East of England,region,2022-01-23,17526
E12000006,East of England,region,2022-01-22,17506
E12000006,East of England,region,2022-01-21,17483
E12000006,East of England,region,2022-01-20,17461
E12000006,East of England,region,2022-01-19,17444
E12000006,East of England,region,2022-01-18,17415
E12000006,East of England,region,2022-01-17,17395
E12000006,East of England,region,2022-01-16,17372
E12000006,East of England,region,2022-01-15,17356
E12000006,East of England,region,2022-01-14,17342
E12000006,East of England,region,2022-01-13,17315
E12000006,East of England,region,2022-01-12,17292
E12000006,East of England,region,2022-01-11,17277
E12000006,East of England,region,2022-01-10,17248
E12000006,East of England,region,2022-01-09,17219
E12000006,East of England,region,2022-01-08,17204
E12000006,East of England,region,2022-01-07,17181
E12000006,East of England,region,2022-01-06,17163
E12000006,East of England,region,2022-01-05,17145
E12000006,East of England,region,2022-01-04,17118
E12000006,East of England,region,2022-01-03,17100
E12000006,East of England,region,2022-01-02,17083
E12000006,East of England,region,2022-01-01,17066
E12000006,East of England,region,2021-12-31,17051
E12000006,East of England,region,2021-12-30,17040
E12000006,East of England,region,2021-12-29,17023
E12000006,East of England,region,2021-12-28,17009
E12000006,East of England,region,2021-12-27,16992
E12000006,East of England,region,2021-12-26,16981
E12000006,East of England,region,2021-12-25,16972
E12000006,East of England,region,2021-12-24,16965
E12000006,East of England,region,2021-12-23,16951
E12000006,East of England,region,2021-12-22,16930
E12000006,East of England,region,2021-12-21,16917
E12000006,East of England,region,2021-12-20,16907
E12000006,East of England,region,2021-12-19,16890
E12000006,East of England,region,2021-12-18,16880
E12000006,East of England,region,2021-12-17,16873
E12000006,East of England,region,2021-12-16,16858
E12000006,East of England,region,2021-12-15,16846
E12000006,East of England,region,2021-12-14,16840
E12000006,East of England,region,2021-12-13,16831
E12000006,East of England,region,2021-12-12,16821
E12000006,East of England,region,2021-12-11,16812
E12000006,East of England,region,2021-12-10,16803
E12000006,East of England,region,2021-12-09,16794
E12000006,East of England,region,2021-12-08,16784
E12000006,East of England,region,2021-12-07,16771
E12000006,East of England,region,2021-12-06,16761
E12000006,East of England,region,2021-12-05,16751
E12000006,East of England,region,2021-12-04,16743
E12000006,East of England,region,2021-12-03,16725
E12000006,East of England,region,2021-12-02,16710
E12000006,East of England,region,2021-12-01,16699
E12000006,East of England,region,2021-11-30,16688
E12000006,East of England,region,2021-11-29,16679
E12000006,East of England,region,2021-11-28,16668
E12000006,East of England,region,2021-11-27,16657
E12000006,East of England,region,2021-11-26,16644
E12000006,East of England,region,2021-11-25,16632
E12000006,East of England,region,2021-11-24,16621
E12000006,East of England,region,2021-11-23,16614
E12000006,East of England,region,2021-11-22,16600
E12000006,East of England,region,2021-11-21,16587
E12000006,East of England,region,2021-11-20,16569
E12000006,East of England,region,2021-11-19,16558
E12000006,East of England,region,2021-11-18,16543
E12000006,East of England,region,2021-11-17,16533
E12000006,East of England,region,2021-11-16,16523
E12000006,East of England,region,2021-11-15,16513
E12000006,East of England,region,2021-11-14,16498
E12000006,East of England,region,2021-11-13,16486
E12000006,East of England,region,2021-11-12,16475
E12000006,East of England,region,2021-11-11,16463
E12000006,East of England,region,2021-11-10,16452
E12000006,East of England,region,2021-11-09,16436
E12000006,East of England,region,2021-11-08,16422
E12000006,East of England,region,2021-11-07,16409
E12000006,East of England,region,2021-11-06,16398
E12000006,East of England,region,2021-11-05,16388
E12000006,East of England,region,2021-11-04,16376
E12000006,East of England,region,2021-11-03,16370
E12000006,East of England,region,2021-11-02,16353
E12000006,East of England,region,2021-11-01,16341
E12000006,East of England,region,2021-10-31,16325
E12000006,East of England,region,2021-10-30,16310
E12000006,East of England,region,2021-10-29,16295
E12000006,East of England,region,2021-10-28,16273
E12000006,East of England,region,2021-10-27,16258
E12000006,East of England,region,2021-10-26,16242
E12000006,East of England,region,2021-10-25,16227
E12000006,East of England,region,2021-10-24,16211
E12000006,East of England,region,2021-10-23,16194
E12000006,East of England,region,2021-10-22,16177
E12000006,East of England,region,2021-10-21,16166
E12000006,East of England,region,2021-10-20,16154
E12000006,East of England,region,2021-10-19,16143
E12000006,East of England,region,2021-10-18,16131
E12000006,East of England,region,2021-10-17,16124
E12000006,East of England,region,2021-10-16,16117
E12000006,East of England,region,2021-10-15,16107
E12000006,East of England,region,2021-10-14,16097
E12000006,East of England,region,2021-10-13,16093
E12000006,East of England,region,2021-10-12,16084
E12000006,East of England,region,2021-10-11,16076
E12000006,East of England,region,2021-10-10,16067
E12000006,East of England,region,2021-10-09,16062
E12000006,East of England,region,2021-10-08,16056
E12000006,East of England,region,2021-10-07,16048
E12000006,East of England,region,2021-10-06,16044
E12000006,East of England,region,2021-10-05,16036
E12000006,East of England,region,2021-10-04,16028
E12000006,East of England,region,2021-10-03,16021
E12000006,East of England,region,2021-10-02,16015
E12000006,East of England,region,2021-10-01,16010
E12000006,East of England,region,2021-09-30,16000
E12000006,East of England,region,2021-09-29,15995
E12000006,East of England,region,2021-09-28,15990
E12000006,East of England,region,2021-09-27,15984
E12000006,East of England,region,2021-09-26,15979
E12000006,East of England,region,2021-09-25,15973
E12000006,East of England,region,2021-09-24,15970
E12000006,East of England,region,2021-09-23,15961
E12000006,East of England,region,2021-09-22,15953
E12000006,East of England,region,2021-09-21,15940
E12000006,East of England,region,2021-09-20,15931
E12000006,East of England,region,2021-09-19,15921
E12000006,East of England,region,2021-09-18,15904
E12000006,East of England,region,2021-09-17,15893
E12000006,East of England,region,2021-09-16,15880
E12000006,East of England,region,2021-09-15,15865
E12000006,East of England,region,2021-09-14,15859
E12000006,East of England,region,2021-09-13,15845
E12000006,East of England,region,2021-09-12,15838
E12000006,East of England,region,2021-09-11,15826
E12000006,East of England,region,2021-09-10,15813
E12000006,East of England,region,2021-09-09,15804
E12000006,East of England,region,2021-09-08,15802
E12000006,East of England,region,2021-09-07,15789
E12000006,East of England,region,2021-09-06,15779
E12000006,East of England,region,2021-09-05,15769
E12000006,East of England,region,2021-09-04,15757
E12000006,East of England,region,2021-09-03,15742
E12000006,East of England,region,2021-09-02,15728
E12000006,East of England,region,2021-09-01,15717
E12000006,East of England,region,2021-08-31,15708
E12000006,East of England,region,2021-08-30,15696
E12000006,East of England,region,2021-08-29,15692
E12000006,East of England,region,2021-08-28,15680
E12000006,East of England,region,2021-08-27,15678
E12000006,East of England,region,2021-08-26,15667
E12000006,East of England,region,2021-08-25,15650
E12000006,East of England,region,2021-08-24,15638
E12000006,East of England,region,2021-08-23,15631
E12000006,East of England,region,2021-08-22,15626
E12000006,East of England,region,2021-08-21,15615
E12000006,East of England,region,2021-08-20,15608
E12000006,East of England,region,2021-08-19,15599
E12000006,East of England,region,2021-08-18,15590
E12000006,East of England,region,2021-08-17,15581
E12000006,East of England,region,2021-08-16,15574
E12000006,East of England,region,2021-08-15,15564
E12000006,East of England,region,2021-08-14,15555
E12000006,East of England,region,2021-08-13,15546
E12000006,East of England,region,2021-08-12,15541
E12000006,East of England,region,2021-08-11,15531
E12000006,East of England,region,2021-08-10,15526
E12000006,East of England,region,2021-08-09,15521
E12000006,East of England,region,2021-08-08,15512
E12000006,East of England,region,2021-08-07,15506
E12000006,East of England,region,2021-08-06,15496
E12000006,East of England,region,2021-08-05,15491
E12000006,East of England,region,2021-08-04,15489
E12000006,East of England,region,2021-08-03,15483
E12000006,East of England,region,2021-08-02,15478
E12000006,East of England,region,2021-08-01,15473
E12000006,East of England,region,2021-07-31,15470
E12000006,East of England,region,2021-07-30,15463
E12000006,East of England,region,2021-07-29,15457
E12000006,East of England,region,2021-07-28,15455
E12000006,East of England,region,2021-07-27,15450
E12000006,East of England,region,2021-07-26,15444
E12000006,East of England,region,2021-07-25,15439
E12000006,East of England,region,2021-07-24,15436
E12000006,East of England,region,2021-07-23,15430
E12000006,East of England,region,2021-07-22,15425
E12000006,East of England,region,2021-07-21,15421
E12000006,East of England,region,2021-07-20,15419
E12000006,East of England,region,2021-07-19,15415
E12000006,East of England,region,2021-07-18,15411
E12000006,East of England,region,2021-07-17,15407
E12000006,East of England,region,2021-07-16,15404
E12000006,East of England,region,2021-07-15,15403
E12000006,East of England,region,2021-07-14,15401
E12000006,East of England,region,2021-07-13,15400
E12000006,East of England,region,2021-07-12,15398
E12000006,East of England,region,2021-07-11,15395
E12000006,East of England,region,2021-07-10,15394
E12000006,East of England,region,2021-07-09,15391
E12000006,East of England,region,2021-07-08,15388
E12000006,East of England,region,2021-07-07,15385
E12000006,East of England,region,2021-07-06,15384
E12000006,East of England,region,2021-07-05,15383
E12000006,East of England,region,2021-07-04,15382
E12000006,East of England,region,2021-07-03,15382
E12000006,East of England,region,2021-07-02,15382
E12000006,East of England,region,2021-07-01,15380
E12000006,East of England,region,2021-06-30,15380
E12000006,East of England,region,2021-06-29,15379
E12000006,East of England,region,2021-06-28,15378
E12000006,East of England,region,2021-06-27,15378
E12000006,East of England,region,2021-06-26,15377
E12000006,East of England,region,2021-06-25,15376
E12000006,East of England,region,2021-06-24,15374
E12000006,East of England,region,2021-06-23,15374
E12000006,East of England,region,2021-06-22,15374
E12000006,East of England,region,2021-06-21,15373
E12000006,East of England,region,2021-06-20,15373
E12000006,East of England,region,2021-06-19,15372
E12000006,East of England,region,2021-06-18,15370
E12000006,East of England,region,2021-06-17,15369
E12000006,East of England,region,2021-06-16,15368
E12000006,East of England,region,2021-06-15,15365
E12000006,East of England,region,2021-06-14,15364
E12000006,East of England,region,2021-06-13,15364
E12000006,East of England,region,2021-06-12,15363
E12000006,East of England,region,2021-06-11,15363
E12000006,East of England,region,2021-06-10,15362
E12000006,East of England,region,2021-06-09,15360
E12000006,East of England,region,2021-06-08,15359
E12000006,East of England,region,2021-06-07,15358
E12000006,East of England,region,2021-06-06,15357
E12000006,East of England,region,2021-06-05,15356
E12000006,East of England,region,2021-06-04,15356
E12000006,East of England,region,2021-06-03,15356
E12000006,East of England,region,2021-06-02,15355
E12000006,East of England,region,2021-06-01,15354
E12000006,East of England,region,2021-05-31,15354
E12000006,East of England,region,2021-05-30,15351
E12000006,East of England,region,2021-05-29,15350
E12000006,East of England,region,2021-05-28,15350
E12000006,East of England,region,2021-05-27,15350
E12000006,East of England,region,2021-05-26,15350
E12000006,East of England,region,2021-05-25,15349
E12000006,East of England,region,2021-05-24,15348
E12000006,East of England,region,2021-05-23,15347
E12000006,East of England,region,2021-05-22,15347
E12000006,East of England,region,2021-05-21,15346
E12000006,East of England,region,2021-05-20,15344
E12000006,East of England,region,2021-05-19,15344
E12000006,East of England,region,2021-05-18,15344
E12000006,East of England,region,2021-05-17,15342
E12000006,East of England,region,2021-05-16,15340
E12000006,East of England,region,2021-05-15,15337
E12000006,East of England,region,2021-05-14,15337
E12000006,East of England,region,2021-05-13,15337
E12000006,East of England,region,2021-05-12,15335
E12000006,East of England,region,2021-05-11,15335
E12000006,East of England,region,2021-05-10,15333
E12000006,East of England,region,2021-05-09,15331
E12000006,East of England,region,2021-05-08,15330
E12000006,East of England,region,2021-05-07,15327
E12000006,East of England,region,2021-05-06,15326
E12000006,East of England,region,2021-05-05,15320
E12000006,East of England,region,2021-05-04,15318
E12000006,East of England,region,2021-05-03,15315
E12000006,East of England,region,2021-05-02,15315
E12000006,East of England,region,2021-05-01,15314
E12000006,East of England,region,2021-04-30,15313
E12000006,East of England,region,2021-04-29,15311
E12000006,East of England,region,2021-04-28,15311
E12000006,East of England,region,2021-04-27,15308
E12000006,East of England,region,2021-04-26,15302
E12000006,East of England,region,2021-04-25,15301
E12000006,East of England,region,2021-04-24,15298
E12000006,East of England,region,2021-04-23,15298
E12000006,East of England,region,2021-04-22,15294
E12000006,East of England,region,2021-04-21,15292
E12000006,East of England,region,2021-04-20,15287
E12000006,East of England,region,2021-04-19,15284
E12000006,East of England,region,2021-04-18,15282
E12000006,East of England,region,2021-04-17,15279
E12000006,East of England,region,2021-04-16,15274
E12000006,East of England,region,2021-04-15,15266
E12000006,East of England,region,2021-04-14,15262
E12000006,East of England,region,2021-04-13,15259
E12000006,East of England,region,2021-04-12,15253
E12000006,East of England,region,2021-04-11,15251
E12000006,East of England,region,2021-04-10,15250
E12000006,East of England,region,2021-04-09,15241
E12000006,East of England,region,2021-04-08,15237
E12000006,East of England,region,2021-04-07,15231
E12000006,East of England,region,2021-04-06,15228
E12000006,East of England,region,2021-04-05,15224
E12000006,East of England,region,2021-04-04,15220
E12000006,East of England,region,2021-04-03,15214
E12000006,East of England,region,2021-04-02,15211
E12000006,East of England,region,2021-04-01,15210
E12000006,East of England,region,2021-03-31,15206
E12000006,East of England,region,2021-03-30,15203
E12000006,East of England,region,2021-03-29,15194
E12000006,East of England,region,2021-03-28,15188
E12000006,East of England,region,2021-03-27,15185
E12000006,East of England,region,2021-03-26,15178
E12000006,East of England,region,2021-03-25,15171
E12000006,East of England,region,2021-03-24,15163
E12000006,East of England,region,2021-03-23,15157
E12000006,East of England,region,2021-03-22,15148
E12000006,East of England,region,2021-03-21,15137
E12000006,East of England,region,2021-03-20,15120
E12000006,East of England,region,2021-03-19,15114
E12000006,East of England,region,2021-03-18,15107
E12000006,East of England,region,2021-03-17,15097
E12000006,East of England,region,2021-03-16,15085
E12000006,East of England,region,2021-03-15,15076
E12000006,East of England,region,2021-03-14,15064
E12000006,East of England,region,2021-03-13,15056
E12000006,East of England,region,2021-03-12,15040
E12000006,East of England,region,2021-03-11,15029
E12000006,East of England,region,2021-03-10,15010
E12000006,East of England,region,2021-03-09,14995
E12000006,East of England,region,2021-03-08,14977
E12000006,East of England,region,2021-03-07,14953
E12000006,East of England,region,2021-03-06,14923
E12000006,East of England,region,2021-03-05,14896
E12000006,East of England,region,2021-03-04,14877
E12000006,East of England,region,2021-03-03,14851
E12000006,East of England,region,2021-03-02,14832
E12000006,East of England,region,2021-03-01,14805
E12000006,East of England,region,2021-02-28,14776
E12000006,East of England,region,2021-02-27,14751
E12000006,East of England,region,2021-02-26,14711
E12000006,East of England,region,2021-02-25,14679
E12000006,East of England,region,2021-02-24,14641
E12000006,East of England,region,2021-02-23,14604
E12000006,East of England,region,2021-02-22,14563
E12000006,East of England,region,2021-02-21,14528
E12000006,East of England,region,2021-02-20,14498
E12000006,East of England,region,2021-02-19,14450
E12000006,East of England,region,2021-02-18,14393
E12000006,East of England,region,2021-02-17,14340
E12000006,East of England,region,2021-02-16,14282
E12000006,East of England,region,2021-02-15,14207
E12000006,East of England,region,2021-02-14,14126
E12000006,East of England,region,2021-02-13,14061
E12000006,East of England,region,2021-02-12,14002
E12000006,East of England,region,2021-02-11,13933
E12000006,East of England,region,2021-02-10,13847
E12000006,East of England,region,2021-02-09,13762
E12000006,East of England,region,2021-02-08,13671
E12000006,East of England,region,2021-02-07,13566
E12000006,East of England,region,2021-02-06,13474
E12000006,East of England,region,2021-02-05,13372
E12000006,East of England,region,2021-02-04,13268
E12000006,East of England,region,2021-02-03,13160
E12000006,East of England,region,2021-02-02,13033
E12000006,East of England,region,2021-02-01,12922
E12000006,East of England,region,2021-01-31,12807
E12000006,East of England,region,2021-01-30,12674
E12000006,East of England,region,2021-01-29,12543
E12000006,East of England,region,2021-01-28,12400
E12000006,East of England,region,2021-01-27,12221
E12000006,East of England,region,2021-01-26,12055
E12000006,East of England,region,2021-01-25,11918
E12000006,East of England,region,2021-01-24,11754
E12000006,East of England,region,2021-01-23,11581
E12000006,East of England,region,2021-01-22,11411
E12000006,East of England,region,2021-01-21,11218
E12000006,East of England,region,2021-01-20,11021
E12000006,East of England,region,2021-01-19,10815
E12000006,East of England,region,2021-01-18,10628
E12000006,East of England,region,2021-01-17,10447
E12000006,East of England,region,2021-01-16,10239
E12000006,East of England,region,2021-01-15,10039
E12000006,East of England,region,2021-01-14,9845
E12000006,East of England,region,2021-01-13,9668
E12000006,East of England,region,2021-01-12,9484
E12000006,East of England,region,2021-01-11,9293
E12000006,East of England,region,2021-01-10,9124
E12000006,East of England,region,2021-01-09,8932
E12000006,East of England,region,2021-01-08,8762
E12000006,East of England,region,2021-01-07,8627
E12000006,East of England,region,2021-01-06,8474
E12000006,East of England,region,2021-01-05,8348
E12000006,East of England,region,2021-01-04,8208
E12000006,East of England,region,2021-01-03,8088
E12000006,East of England,region,2021-01-02,7980
E12000006,East of England,region,2021-01-01,7880
E12000006,East of England,region,2020-12-31,7776
E12000006,East of England,region,2020-12-30,7669
E12000006,East of England,region,2020-12-29,7571
E12000006,East of England,region,2020-12-28,7488
E12000006,East of England,region,2020-12-27,7399
E12000006,East of England,region,2020-12-26,7327
E12000006,East of England,region,2020-12-25,7242
E12000006,East of England,region,2020-12-24,7162
E12000006,East of England,region,2020-12-23,7085
E12000006,East of England,region,2020-12-22,7011
E12000006,East of England,region,2020-12-21,6948
E12000006,East of England,region,2020-12-20,6877
E12000006,East of England,region,2020-12-19,6812
E12000006,East of England,region,2020-12-18,6746
E12000006,East of England,region,2020-12-17,6689
E12000006,East of England,region,2020-12-16,6643
E12000006,East of England,region,2020-12-15,6600
E12000006,East of England,region,2020-12-14,6559
E12000006,East of England,region,2020-12-13,6521
E12000006,East of England,region,2020-12-12,6479
E12000006,East of England,region,2020-12-11,6445
E12000006,East of England,region,2020-12-10,6393
E12000006,East of England,region,2020-12-09,6354
E12000006,East of England,region,2020-12-08,6319
E12000006,East of England,region,2020-12-07,6291
E12000006,East of England,region,2020-12-06,6265
E12000006,East of England,region,2020-12-05,6236
E12000006,East of England,region,2020-12-04,6208
E12000006,East of England,region,2020-12-03,6180
E12000006,East of England,region,2020-12-02,6155
E12000006,East of England,region,2020-12-01,6130
E12000006,East of England,region,2020-11-30,6098
E12000006,East of England,region,2020-11-29,6067
E12000006,East of England,region,2020-11-28,6048
E12000006,East of England,region,2020-11-27,6017
E12000006,East of England,region,2020-11-26,5992
E12000006,East of England,region,2020-11-25,5969
E12000006,East of England,region,2020-11-24,5937
E12000006,East of England,region,2020-11-23,5913
E12000006,East of England,region,2020-11-22,5886
E12000006,East of England,region,2020-11-21,5863
E12000006,East of England,region,2020-11-20,5840
E12000006,East of England,region,2020-11-19,5817
E12000006,East of England,region,2020-11-18,5794
E12000006,East of England,region,2020-11-17,5774
E12000006,East of England,region,2020-11-16,5753
E12000006,East of England,region,2020-11-15,5732
E12000006,East of England,region,2020-11-14,5719
E12000006,East of England,region,2020-11-13,5695
E12000006,East of England,region,2020-11-12,5674
E12000006,East of England,region,2020-11-11,5656
E12000006,East of England,region,2020-11-10,5637
E12000006,East of England,region,2020-11-09,5610
E12000006,East of England,region,2020-11-08,5584
E12000006,East of England,region,2020-11-07,5565
E12000006,East of England,region,2020-11-06,5551
E12000006,East of England,region,2020-11-05,5529
E12000006,East of England,region,2020-11-04,5507
E12000006,East of England,region,2020-11-03,5494
E12000006,East of England,region,2020-11-02,5478
E12000006,East of England,region,2020-11-01,5463
E12000006,East of England,region,2020-10-31,5445
E12000006,East of England,region,2020-10-30,5428
E12000006,East of England,region,2020-10-29,5410
E12000006,East of England,region,2020-10-28,5391
E12000006,East of England,region,2020-10-27,5375
E12000006,East of England,region,2020-10-26,5363
E12000006,East of England,region,2020-10-25,5354
E12000006,East of England,region,2020-10-24,5339
E12000006,East of England,region,2020-10-23,5334
E12000006,East of England,region,2020-10-22,5317
E12000006,East of England,region,2020-10-21,5309
E12000006,East of England,region,2020-10-20,5297
E12000006,East of England,region,2020-10-19,5284
E12000006,East of England,region,2020-10-18,5278
E12000006,East of England,region,2020-10-17,5271
E12000006,East of England,region,2020-10-16,5264
E12000006,East of England,region,2020-10-15,5259
E12000006,East of England,region,2020-10-14,5253
E12000006,East of England,region,2020-10-13,5250
E12000006,East of England,region,2020-10-12,5247
E12000006,East of England,region,2020-10-11,5245
E12000006,East of England,region,2020-10-10,5241
E12000006,East of England,region,2020-10-09,5236
E12000006,East of England,region,2020-10-08,5233
E12000006,East of England,region,2020-10-07,5230
E12000006,East of England,region,2020-10-06,5222
E12000006,East of England,region,2020-10-05,5218
E12000006,East of England,region,2020-10-04,5217
E12000006,East of England,region,2020-10-03,5217
E12000006,East of England,region,2020-10-02,5215
E12000006,East of England,region,2020-10-01,5214
E12000006,East of England,region,2020-09-30,5211
E12000006,East of England,region,2020-09-29,5208
E12000006,East of England,region,2020-09-28,5205
E12000006,East of England,region,2020-09-27,5201
E12000006,East of England,region,2020-09-26,5199
E12000006,East of England,region,2020-09-25,5198
E12000006,East of England,region,2020-09-24,5195
E12000006,East of England,region,2020-09-23,5194
E12000006,East of England,region,2020-09-22,5193
E12000006,East of England,region,2020-09-21,5190
E12000006,East of England,region,2020-09-20,5189
E12000006,East of England,region,2020-09-19,5186
E12000006,East of England,region,2020-09-18,5185
E12000006,East of England,region,2020-09-17,5185
E12000006,East of England,region,2020-09-16,5183
E12000006,East of England,region,2020-09-15,5181
E12000006,East of England,region,2020-09-14,5181
E12000006,East of England,region,2020-09-13,5179
E12000006,East of England,region,2020-09-12,5178
E12000006,East of England,region,2020-09-11,5177
E12000006,East of England,region,2020-09-10,5175
E12000006,East of England,region,2020-09-09,5174
E12000006,East of England,region,2020-09-08,5174
E12000006,East of England,region,2020-09-07,5172
E12000006,East of England,region,2020-09-06,5170
E12000006,East of England,region,2020-09-05,5169
E12000006,East of England,region,2020-09-04,5169
E12000006,East of England,region,2020-09-03,5168
E12000006,East of England,region,2020-09-02,5167
E12000006,East of England,region,2020-09-01,5166
E12000006,East of England,region,2020-08-31,5166
E12000006,East of England,region,2020-08-30,5166
E12000006,East of England,region,2020-08-29,5165
E12000006,East of England,region,2020-08-28,5165
E12000006,East of England,region,2020-08-27,5165
E12000006,East of England,region,2020-08-26,5164
E12000006,East of England,region,2020-08-25,5161
E12000006,East of England,region,2020-08-24,5160
E12000006,East of England,region,2020-08-23,5160
E12000006,East of England,region,2020-08-22,5159
E12000006,East of England,region,2020-08-21,5157
E12000006,East of England,region,2020-08-20,5157
E12000006,East of England,region,2020-08-19,5155
E12000006,East of England,region,2020-08-18,5153
E12000006,East of England,region,2020-08-17,5151
E12000006,East of England,region,2020-08-16,5151
E12000006,East of England,region,2020-08-15,5151
E12000006,East of England,region,2020-08-14,5147
E12000006,East of England,region,2020-08-13,5146
E12000006,East of England,region,2020-08-12,5145
E12000006,East of England,region,2020-08-11,5142
E12000006,East of England,region,2020-08-10,5140
E12000006,East of England,region,2020-08-09,5138
E12000006,East of England,region,2020-08-08,5136
E12000006,East of England,region,2020-08-07,5134
E12000006,East of England,region,2020-08-06,5133
E12000006,East of England,region,2020-08-05,5131
E12000006,East of England,region,2020-08-04,5130
E12000006,East of England,region,2020-08-03,5126
E12000006,East of England,region,2020-08-02,5126
E12000006,East of England,region,2020-08-01,5126
E12000006,East of England,region,2020-07-31,5126
E12000006,East of England,region,2020-07-30,5124
E12000006,East of England,region,2020-07-29,5122
E12000006,East of England,region,2020-07-28,5119
E12000006,East of England,region,2020-07-27,5116
E12000006,East of England,region,2020-07-26,5114
E12000006,East of England,region,2020-07-25,5112
E12000006,East of England,region,2020-07-24,5111
E12000006,East of England,region,2020-07-23,5110
E12000006,East of England,region,2020-07-22,5108
E12000006,East of England,region,2020-07-21,5107
E12000006,East of England,region,2020-07-20,5107
E12000006,East of England,region,2020-07-19,5104
E12000006,East of England,region,2020-07-18,5102
E12000006,East of England,region,2020-07-17,5100
E12000006,East of England,region,2020-07-16,5098
E12000006,East of England,region,2020-07-15,5097
E12000006,East of England,region,2020-07-14,5093
E12000006,East of England,region,2020-07-13,5089
E12000006,East of England,region,2020-07-12,5079
E12000006,East of England,region,2020-07-11,5075
E12000006,East of England,region,2020-07-10,5071
E12000006,East of England,region,2020-07-09,5065
E12000006,East of England,region,2020-07-08,5051
E12000006,East of England,region,2020-07-07,5046
E12000006,East of England,region,2020-07-06,5040
E12000006,East of England,region,2020-07-05,5036
E12000006,East of England,region,2020-07-04,5032
E12000006,East of England,region,2020-07-03,5023
E12000006,East of England,region,2020-07-02,5020
E12000006,East of England,region,2020-07-01,5013
E12000006,East of England,region,2020-06-30,5008
E12000006,East of England,region,2020-06-29,5000
E12000006,East of England,region,2020-06-28,4988
E12000006,East of England,region,2020-06-27,4976
E12000006,East of England,region,2020-06-26,4965
E12000006,East of England,region,2020-06-25,4959
E12000006,East of England,region,2020-06-24,4948
E12000006,East of England,region,2020-06-23,4940
E12000006,East of England,region,2020-06-22,4928
E12000006,East of England,region,2020-06-21,4920
E12000006,East of England,region,2020-06-20,4913
E12000006,East of England,region,2020-06-19,4905
E12000006,East of England,region,2020-06-18,4892
E12000006,East of England,region,2020-06-17,4886
E12000006,East of England,region,2020-06-16,4874
E12000006,East of England,region,2020-06-15,4867
E12000006,East of England,region,2020-06-14,4858
E12000006,East of England,region,2020-06-13,4845
E12000006,East of England,region,2020-06-12,4839
E12000006,East of England,region,2020-06-11,4827
E12000006,East of England,region,2020-06-10,4823
E12000006,East of England,region,2020-06-09,4804
E12000006,East of England,region,2020-06-08,4791
E12000006,East of England,region,2020-06-07,4779
E12000006,East of England,region,2020-06-06,4766
E12000006,East of England,region,2020-06-05,4757
E12000006,East of England,region,2020-06-04,4734
E12000006,East of England,region,2020-06-03,4716
E12000006,East of England,region,2020-06-02,4697
E12000006,East of England,region,2020-06-01,4671
E12000006,East of England,region,2020-05-31,4654
E12000006,East of England,region,2020-05-30,4635
E12000006,East of England,region,2020-05-29,4618
E12000006,East of England,region,2020-05-28,4589
E12000006,East of England,region,2020-05-27,4556
E12000006,East of England,region,2020-05-26,4532
E12000006,East of England,region,2020-05-25,4506
E12000006,East of England,region,2020-05-24,4469
E12000006,East of England,region,2020-05-23,4439
E12000006,East of England,region,2020-05-22,4412
E12000006,East of England,region,2020-05-21,4385
E12000006,East of England,region,2020-05-20,4356
E12000006,East of England,region,2020-05-19,4305
E12000006,East of England,region,2020-05-18,4276
E12000006,East of England,region,2020-05-17,4235
E12000006,East of England,region,2020-05-16,4194
E12000006,East of England,region,2020-05-15,4157
E12000006,East of England,region,2020-05-14,4120
E12000006,East of England,region,2020-05-13,4073
E12000006,East of England,region,2020-05-12,4029
E12000006,East of England,region,2020-05-11,3984
E12000006,East of England,region,2020-05-10,3952
E12000006,East of England,region,2020-05-09,3908
E12000006,East of England,region,2020-05-08,3855
E12000006,East of England,region,2020-05-07,3812
E12000006,East of England,region,2020-05-06,3755
E12000006,East of England,region,2020-05-05,3698
E12000006,East of England,region,2020-05-04,3643
E12000006,East of England,region,2020-05-03,3594
E12000006,East of England,region,2020-05-02,3525
E12000006,East of England,region,2020-05-01,3479
E12000006,East of England,region,2020-04-30,3398
E12000006,East of England,region,2020-04-29,3318
E12000006,East of England,region,2020-04-28,3257
E12000006,East of England,region,2020-04-27,3170
E12000006,East of England,region,2020-04-26,3095
E12000006,East of England,region,2020-04-25,3012
E12000006,East of England,region,2020-04-24,2929
E12000006,East of England,region,2020-04-23,2828
E12000006,East of England,region,2020-04-22,2750
E12000006,East of England,region,2020-04-21,2646
E12000006,East of England,region,2020-04-20,2551
E12000006,East of England,region,2020-04-19,2449
E12000006,East of England,region,2020-04-18,2353
E12000006,East of England,region,2020-04-17,2251
E12000006,East of England,region,2020-04-16,2118
E12000006,East of England,region,2020-04-15,2000
E12000006,East of England,region,2020-04-14,1886
E12000006,East of England,region,2020-04-13,1789
E12000006,East of England,region,2020-04-12,1680
E12000006,East of England,region,2020-04-11,1536
E12000006,East of England,region,2020-04-10,1410
E12000006,East of England,region,2020-04-09,1313
E12000006,East of England,region,2020-04-08,1198
E12000006,East of England,region,2020-04-07,1062
E12000006,East of England,region,2020-04-06,933
E12000006,East of England,region,2020-04-05,846
E12000006,East of England,region,2020-04-04,740
E12000006,East of England,region,2020-04-03,657
E12000006,East of England,region,2020-04-02,566
E12000006,East of England,region,2020-04-01,489
E12000006,East of England,region,2020-03-31,405
E12000006,East of England,region,2020-03-30,326
E12000006,East of England,region,2020-03-29,270
E12000006,East of England,region,2020-03-28,214
E12000006,East of England,region,2020-03-27,173
E12000006,East of England,region,2020-03-26,136
E12000006,East of England,region,2020-03-25,100
E12000006,East of England,region,2020-03-24,78
E12000006,East of England,region,2020-03-23,55
E12000006,East of England,region,2020-03-22,43
E12000006,East of England,region,2020-03-21,31
E12000006,East of England,region,2020-03-20,23
E12000006,East of England,region,2020-03-19,21
E12000006,East of England,region,2020-03-18,15
E12000006,East of England,region,2020-03-17,14
E12000006,East of England,region,2020-03-16,12
E12000006,East of England,region,2020-03-15,10
E12000006,East of England,region,2020-03-14,9
E12000006,East of England,region,2020-03-13,9
E12000006,East of England,region,2020-03-12,7
E12000006,East of England,region,2020-03-11,7
E12000006,East of England,region,2020-03-10,6
E12000006,East of England,region,2020-03-09,5
E12000006,East of England,region,2020-03-08,4
E12000006,East of England,region,2020-03-07,4
E12000006,East of England,region,2020-03-06,4
E12000006,East of England,region,2020-03-05,3
E12000006,East of England,region,2020-03-04,3
E12000006,East of England,region,2020-03-03,3
E12000006,East of England,region,2020-03-02,3
E12000006,East of England,region,2020-03-01,2
E12000006,East of England,region,2020-02-29,2
E12000006,East of England,region,2020-02-28,2
E12000006,East of England,region,2020-02-27,2
E12000006,East of England,region,2020-02-26,2
E12000006,East of England,region,2020-02-25,2
E12000006,East of England,region,2020-02-24,2
E12000006,East of England,region,2020-02-23,2
E12000006,East of England,region,2020-02-22,2
E12000006,East of England,region,2020-02-21,1
E12000006,East of England,region,2020-02-20,1
E12000006,East of England,region,2020-02-19,1
E12000006,East of England,region,2020-02-18,1
E12000006,East of England,region,2020-02-17,1
E12000006,East of England,region,2020-02-16,1
E12000006,East of England,region,2020-02-15,1
E12000006,East of England,region,2020-02-14,1
E12000006,East of England,region,2020-02-13,1
E12000006,East of England,region,2020-02-12,1
E12000006,East of England,region,2020-02-11,1
E12000006,East of England,region,2020-02-10,1
E12000006,East of England,region,2020-02-09,1
E12000006,East of England,region,2020-02-08,1
E12000006,East of England,region,2020-02-07,1
E12000006,East of England,region,2020-02-06,1
E12000006,East of England,region,2020-02-05,1
E12000006,East of England,region,2020-02-04,1
E12000006,East of England,region,2020-02-03,1
E12000006,East of England,region,2020-02-02,1
E12000007,London,region,2022-12-02,24918
E12000007,London,region,2022-12-01,24912
E12000007,London,region,2022-11-30,24905
E12000007,London,region,2022-11-29,24899
E12000007,London,region,2022-11-28,24895
E12000007,London,region,2022-11-27,24890
E12000007,London,region,2022-11-26,24881
E12000007,London,region,2022-11-25,24876
E12000007,London,region,2022-11-24,24872
E12000007,London,region,2022-11-23,24869
E12000007,London,region,2022-11-22,24862
E12000007,London,region,2022-11-21,24858
E12000007,London,region,2022-11-20,24855
E12000007,London,region,2022-11-19,24849
E12000007,London,region,2022-11-18,24841
E12000007,London,region,2022-11-17,24836
E12000007,London,region,2022-11-16,24829
E12000007,London,region,2022-11-15,24820
E12000007,London,region,2022-11-14,24815
E12000007,London,region,2022-11-13,24807
E12000007,London,region,2022-11-12,24801
E12000007,London,region,2022-11-11,24798
E12000007,London,region,2022-11-10,24791
E12000007,London,region,2022-11-09,24784
E12000007,London,region,2022-11-08,24777
E12000007,London,region,2022-11-07,24773
E12000007,London,region,2022-11-06,24764
E12000007,London,region,2022-11-05,24758
E12000007,London,region,2022-11-04,24754
E12000007,London,region,2022-11-03,24740
E12000007,London,region,2022-11-02,24736
E12000007,London,region,2022-11-01,24732
E12000007,London,region,2022-10-31,24721
E12000007,London,region,2022-10-30,24716
E12000007,London,region,2022-10-29,24702
E12000007,London,region,2022-10-28,24692
E12000007,London,region,2022-10-27,24680
E12000007,London,region,2022-10-26,24668
E12000007,London,region,2022-10-25,24659
E12000007,London,region,2022-10-24,24649
E12000007,London,region,2022-10-23,24637
E12000007,London,region,2022-10-22,24629
E12000007,London,region,2022-10-21,24623
E12000007,London,region,2022-10-20,24615
E12000007,London,region,2022-10-19,24608
E12000007,London,region,2022-10-18,24601
E12000007,London,region,2022-10-17,24591
E12000007,London,region,2022-10-16,24577
E12000007,London,region,2022-10-15,24569
E12000007,London,region,2022-10-14,24560
E12000007,London,region,2022-10-13,24548
E12000007,London,region,2022-10-12,24538
E12000007,London,region,2022-10-11,24528
E12000007,London,region,2022-10-10,24517
E12000007,London,region,2022-10-09,24514
E12000007,London,region,2022-10-08,24508
E12000007,London,region,2022-10-07,24504
E12000007,London,region,2022-10-06,24498
E12000007,London,region,2022-10-05,24493
E12000007,London,region,2022-10-04,24487
E12000007,London,region,2022-10-03,24484
E12000007,London,region,2022-10-02,24480
E12000007,London,region,2022-10-01,24478
E12000007,London,region,2022-09-30,24471
E12000007,London,region,2022-09-29,24469
E12000007,London,region,2022-09-28,24463
E12000007,London,region,2022-09-27,24457
E12000007,London,region,2022-09-26,24454
E12000007,London,region,2022-09-25,24448
E12000007,London,region,2022-09-24,24442
E12000007,London,region,2022-09-23,24438
E12000007,London,region,2022-09-22,24437
E12000007,London,region,2022-09-21,24433
E12000007,London,region,2022-09-20,24430
E12000007,London,region,2022-09-19,24426
E12000007,London,region,2022-09-18,24424
E12000007,London,region,2022-09-17,24418
E12000007,London,region,2022-09-16,24416
E12000007,London,region,2022-09-15,24414
E12000007,London,region,2022-09-14,24410
E12000007,London,region,2022-09-13,24407
E12000007,London,region,2022-09-12,24403
E12000007,London,region,2022-09-11,24396
E12000007,London,region,2022-09-10,24393
E12000007,London,region,2022-09-09,24392
E12000007,London,region,2022-09-08,24389
E12000007,London,region,2022-09-07,24386
E12000007,London,region,2022-09-06,24383
E12000007,London,region,2022-09-05,24381
E12000007,London,region,2022-09-04,24377
E12000007,London,region,2022-09-03,24373
E12000007,London,region,2022-09-02,24373
E12000007,London,region,2022-09-01,24370
E12000007,London,region,2022-08-31,24364
E12000007,London,region,2022-08-30,24359
E12000007,London,region,2022-08-29,24355
E12000007,London,region,2022-08-28,24347
E12000007,London,region,2022-08-27,24344
E12000007,London,region,2022-08-26,24339
E12000007,London,region,2022-08-25,24335
E12000007,London,region,2022-08-24,24330
E12000007,London,region,2022-08-23,24326
E12000007,London,region,2022-08-22,24320
E12000007,London,region,2022-08-21,24315
E12000007,London,region,2022-08-20,24309
E12000007,London,region,2022-08-19,24301
E12000007,London,region,2022-08-18,24293
E12000007,London,region,2022-08-17,24288
E12000007,London,region,2022-08-16,24282
E12000007,London,region,2022-08-15,24274
E12000007,London,region,2022-08-14,24269
E12000007,London,region,2022-08-13,24263
E12000007,London,region,2022-08-12,24252
E12000007,London,region,2022-08-11,24243
E12000007,London,region,2022-08-10,24231
E12000007,London,region,2022-08-09,24225
E12000007,London,region,2022-08-08,24217
E12000007,London,region,2022-08-07,24204
E12000007,London,region,2022-08-06,24192
E12000007,London,region,2022-08-05,24184
E12000007,London,region,2022-08-04,24180
E12000007,London,region,2022-08-03,24174
E12000007,London,region,2022-08-02,24162
E12000007,London,region,2022-08-01,24148
E12000007,London,region,2022-07-31,24140
E12000007,London,region,2022-07-30,24136
E12000007,London,region,2022-07-29,24128
E12000007,London,region,2022-07-28,24120
E12000007,London,region,2022-07-27,24109
E12000007,London,region,2022-07-26,24095
E12000007,London,region,2022-07-25,24084
E12000007,London,region,2022-07-24,24072
E12000007,London,region,2022-07-23,24065
E12000007,London,region,2022-07-22,24053
E12000007,London,region,2022-07-21,24044
E12000007,London,region,2022-07-20,24033
E12000007,London,region,2022-07-19,24014
E12000007,London,region,2022-07-18,23999
E12000007,London,region,2022-07-17,23986
E12000007,London,region,2022-07-16,23969
E12000007,London,region,2022-07-15,23956
E12000007,London,region,2022-07-14,23945
E12000007,London,region,2022-07-13,23940
E12000007,London,region,2022-07-12,23927
E12000007,London,region,2022-07-11,23917
E12000007,London,region,2022-07-10,23904
E12000007,London,region,2022-07-09,23893
E12000007,London,region,2022-07-08,23882
E12000007,London,region,2022-07-07,23873
E12000007,London,region,2022-07-06,23861
E12000007,London,region,2022-07-05,23851
E12000007,London,region,2022-07-04,23839
E12000007,London,region,2022-07-03,23831
E12000007,London,region,2022-07-02,23824
E12000007,London,region,2022-07-01,23814
E12000007,London,region,2022-06-30,23811
E12000007,London,region,2022-06-29,23807
E12000007,London,region,2022-06-28,23799
E12000007,London,region,2022-06-27,23796
E12000007,London,region,2022-06-26,23789
E12000007,London,region,2022-06-25,23781
E12000007,London,region,2022-06-24,23775
E12000007,London,region,2022-06-23,23771
E12000007,London,region,2022-06-22,23762
E12000007,London,region,2022-06-21,23754
E12000007,London,region,2022-06-20,23748
E12000007,London,region,2022-06-19,23744
E12000007,London,region,2022-06-18,23741
E12000007,London,region,2022-06-17,23735
E12000007,London,region,2022-06-16,23731
E12000007,London,region,2022-06-15,23726
E12000007,London,region,2022-06-14,23720
E12000007,London,region,2022-06-13,23712
E12000007,London,region,2022-06-12,23711
E12000007,London,region,2022-06-11,23709
E12000007,London,region,2022-06-10,23709
E12000007,London,region,2022-06-09,23705
E12000007,London,region,2022-06-08,23702
E12000007,London,region,2022-06-07,23698
E12000007,London,region,2022-06-06,23694
E12000007,London,region,2022-06-05,23691
E12000007,London,region,2022-06-04,23690
E12000007,London,region,2022-06-03,23685
E12000007,London,region,2022-06-02,23683
E12000007,London,region,2022-06-01,23678
E12000007,London,region,2022-05-31,23676
E12000007,London,region,2022-05-30,23673
E12000007,London,region,2022-05-29,23668
E12000007,London,region,2022-05-28,23666
E12000007,London,region,2022-05-27,23664
E12000007,London,region,2022-05-26,23655
E12000007,London,region,2022-05-25,23648
E12000007,London,region,2022-05-24,23643
E12000007,London,region,2022-05-23,23638
E12000007,London,region,2022-05-22,23634
E12000007,London,region,2022-05-21,23627
E12000007,London,region,2022-05-20,23622
E12000007,London,region,2022-05-19,23619
E12000007,London,region,2022-05-18,23617
E12000007,London,region,2022-05-17,23615
E12000007,London,region,2022-05-16,23612
E12000007,London,region,2022-05-15,23610
E12000007,London,region,2022-05-14,23606
E12000007,London,region,2022-05-13,23600
E12000007,London,region,2022-05-12,23594
E12000007,London,region,2022-05-11,23589
E12000007,London,region,2022-05-10,23587
E12000007,London,region,2022-05-09,23578
E12000007,London,region,2022-05-08,23573
E12000007,London,region,2022-05-07,23568
E12000007,London,region,2022-05-06,23560
E12000007,London,region,2022-05-05,23554
E12000007,London,region,2022-05-04,23549
E12000007,London,region,2022-05-03,23542
E12000007,London,region,2022-05-02,23531
E12000007,London,region,2022-05-01,23525
E12000007,London,region,2022-04-30,23512
E12000007,London,region,2022-04-29,23507
E12000007,London,region,2022-04-28,23504
E12000007,London,region,2022-04-27,23496
E12000007,London,region,2022-04-26,23486
E12000007,London,region,2022-04-25,23481
E12000007,London,region,2022-04-24,23469
E12000007,London,region,2022-04-23,23463
E12000007,London,region,2022-04-22,23453
E12000007,London,region,2022-04-21,23444
E12000007,London,region,2022-04-20,23431
E12000007,London,region,2022-04-19,23421
E12000007,London,region,2022-04-18,23408
E12000007,London,region,2022-04-17,23396
E12000007,London,region,2022-04-16,23383
E12000007,London,region,2022-04-15,23371
E12000007,London,region,2022-04-14,23363
E12000007,London,region,2022-04-13,23348
E12000007,London,region,2022-04-12,23332
E12000007,London,region,2022-04-11,23320
E12000007,London,region,2022-04-10,23304
E12000007,London,region,2022-04-09,23293
E12000007,London,region,2022-04-08,23282
E12000007,London,region,2022-04-07,23273
E12000007,London,region,2022-04-06,23255
E12000007,London,region,2022-04-05,23237
E12000007,London,region,2022-04-04,23226
E12000007,London,region,2022-04-03,23219
E12000007,London,region,2022-04-02,23201
E12000007,London,region,2022-04-01,23188
E12000007,London,region,2022-03-31,23174
E12000007,London,region,2022-03-30,23160
E12000007,London,region,2022-03-29,23148
E12000007,London,region,2022-03-28,23137
E12000007,London,region,2022-03-27,23126
E12000007,London,region,2022-03-26,23120
E12000007,London,region,2022-03-25,23113
E12000007,London,region,2022-03-24,23102
E12000007,London,region,2022-03-23,23094
E12000007,London,region,2022-03-22,23087
E12000007,London,region,2022-03-21,23076
E12000007,London,region,2022-03-20,23068
E12000007,London,region,2022-03-19,23056
E12000007,London,region,2022-03-18,23043
E12000007,London,region,2022-03-17,23031
E12000007,London,region,2022-03-16,23020
E12000007,London,region,2022-03-15,23006
E12000007,London,region,2022-03-14,22998
E12000007,London,region,2022-03-13,22988
E12000007,London,region,2022-03-12,22980
E12000007,London,region,2022-03-11,22964
E12000007,London,region,2022-03-10,22953
E12000007,London,region,2022-03-09,22947
E12000007,London,region,2022-03-08,22940
E12000007,London,region,2022-03-07,22929
E12000007,London,region,2022-03-06,22921
E12000007,London,region,2022-03-05,22913
E12000007,London,region,2022-03-04,22909
E12000007,London,region,2022-03-03,22902
E12000007,London,region,2022-03-02,22895
E12000007,London,region,2022-03-01,22886
E12000007,London,region,2022-02-28,22878
E12000007,London,region,2022-02-27,22875
E12000007,London,region,2022-02-26,22861
E12000007,London,region,2022-02-25,22855
E12000007,London,region,2022-02-24,22848
E12000007,London,region,2022-02-23,22840
E12000007,London,region,2022-02-22,22833
E12000007,London,region,2022-02-21,22824
E12000007,London,region,2022-02-20,22810
E12000007,London,region,2022-02-19,22799
E12000007,London,region,2022-02-18,22795
E12000007,London,region,2022-02-17,22786
E12000007,London,region,2022-02-16,22773
E12000007,London,region,2022-02-15,22763
E12000007,London,region,2022-02-14,22754
E12000007,London,region,2022-02-13,22738
E12000007,London,region,2022-02-12,22723
E12000007,London,region,2022-02-11,22715
E12000007,London,region,2022-02-10,22701
E12000007,London,region,2022-02-09,22691
E12000007,London,region,2022-02-08,22683
E12000007,London,region,2022-02-07,22674
E12000007,London,region,2022-02-06,22660
E12000007,London,region,2022-02-05,22651
E12000007,London,region,2022-02-04,22640
E12000007,London,region,2022-02-03,22619
E12000007,London,region,2022-02-02,22607
E12000007,London,region,2022-02-01,22588
E12000007,London,region,2022-01-31,22571
E12000007,London,region,2022-01-30,22558
E12000007,London,region,2022-01-29,22539
E12000007,London,region,2022-01-28,22519
E12000007,London,region,2022-01-27,22499
E12000007,London,region,2022-01-26,22483
E12000007,London,region,2022-01-25,22459
E12000007,London,region,2022-01-24,22438
E12000007,London,region,2022-01-23,22410
E12000007,London,region,2022-01-22,22390
E12000007,London,region,2022-01-21,22362
E12000007,London,region,2022-01-20,22328
E12000007,London,region,2022-01-19,22306
E12000007,London,region,2022-01-18,22286
E12000007,London,region,2022-01-17,22253
E12000007,London,region,2022-01-16,22228
E12000007,London,region,2022-01-15,22193
E12000007,London,region,2022-01-14,22155
E12000007,London,region,2022-01-13,22116
E12000007,London,region,2022-01-12,22079
E12000007,London,region,2022-01-11,22048
E12000007,London,region,2022-01-10,22008
E12000007,London,region,2022-01-09,21974
E12000007,London,region,2022-01-08,21939
E12000007,London,region,2022-01-07,21904
E12000007,London,region,2022-01-06,21874
E12000007,London,region,2022-01-05,21838
E12000007,London,region,2022-01-04,21814
E12000007,London,region,2022-01-03,21788
E12000007,London,region,2022-01-02,21758
E12000007,London,region,2022-01-01,21718
E12000007,London,region,2021-12-31,21685
E12000007,London,region,2021-12-30,21668
E12000007,London,region,2021-12-29,21634
E12000007,London,region,2021-12-28,21606
E12000007,London,region,2021-12-27,21581
E12000007,London,region,2021-12-26,21556
E12000007,London,region,2021-12-25,21533
E12000007,London,region,2021-12-24,21519
E12000007,London,region,2021-12-23,21495
E12000007,London,region,2021-12-22,21471
E12000007,London,region,2021-12-21,21451
E12000007,London,region,2021-12-20,21437
E12000007,London,region,2021-12-19,21426
E12000007,London,region,2021-12-18,21408
E12000007,London,region,2021-12-17,21392
E12000007,London,region,2021-12-16,21378
E12000007,London,region,2021-12-15,21366
E12000007,London,region,2021-12-14,21355
E12000007,London,region,2021-12-13,21335
E12000007,London,region,2021-12-12,21320
E12000007,London,region,2021-12-11,21297
E12000007,London,region,2021-12-10,21285
E12000007,London,region,2021-12-09,21266
E12000007,London,region,2021-12-08,21255
E12000007,London,region,2021-12-07,21243
E12000007,London,region,2021-12-06,21231
E12000007,London,region,2021-12-05,21212
E12000007,London,region,2021-12-04,21199
E12000007,London,region,2021-12-03,21184
E12000007,London,region,2021-12-02,21168
E12000007,London,region,2021-12-01,21159
E12000007,London,region,2021-11-30,21149
E12000007,London,region,2021-11-29,21131
E12000007,London,region,2021-11-28,21122
E12000007,London,region,2021-11-27,21109
E12000007,London,region,2021-11-26,21099
E12000007,London,region,2021-11-25,21090
E12000007,London,region,2021-11-24,21079
E12000007,London,region,2021-11-23,21065
E12000007,London,region,2021-11-22,21053
E12000007,London,region,2021-11-21,21041
E12000007,London,region,2021-11-20,21033
E12000007,London,region,2021-11-19,21021
E12000007,London,region,2021-11-18,21012
E12000007,London,region,2021-11-17,21006
E12000007,London,region,2021-11-16,20998
E12000007,London,region,2021-11-15,20988
E12000007,London,region,2021-11-14,20975
E12000007,London,region,2021-11-13,20966
E12000007,London,region,2021-11-12,20952
E12000007,London,region,2021-11-11,20944
E12000007,London,region,2021-11-10,20930
E12000007,London,region,2021-11-09,20912
E12000007,London,region,2021-11-08,20901
E12000007,London,region,2021-11-07,20883
E12000007,London,region,2021-11-06,20870
E12000007,London,region,2021-11-05,20853
E12000007,London,region,2021-11-04,20838
E12000007,London,region,2021-11-03,20827
E12000007,London,region,2021-11-02,20818
E12000007,London,region,2021-11-01,20803
E12000007,London,region,2021-10-31,20787
E12000007,London,region,2021-10-30,20776
E12000007,London,region,2021-10-29,20766
E12000007,London,region,2021-10-28,20757
E12000007,London,region,2021-10-27,20746
E12000007,London,region,2021-10-26,20727
E12000007,London,region,2021-10-25,20716
E12000007,London,region,2021-10-24,20703
E12000007,London,region,2021-10-23,20693
E12000007,London,region,2021-10-22,20685
E12000007,London,region,2021-10-21,20673
E12000007,London,region,2021-10-20,20661
E12000007,London,region,2021-10-19,20656
E12000007,London,region,2021-10-18,20645
E12000007,London,region,2021-10-17,20632
E12000007,London,region,2021-10-16,20617
E12000007,London,region,2021-10-15,20605
E12000007,London,region,2021-10-14,20599
E12000007,London,region,2021-10-13,20581
E12000007,London,region,2021-10-12,20575
E12000007,London,region,2021-10-11,20567
E12000007,London,region,2021-10-10,20555
E12000007,London,region,2021-10-09,20544
E12000007,London,region,2021-10-08,20529
E12000007,London,region,2021-10-07,20518
E12000007,London,region,2021-10-06,20508
E12000007,London,region,2021-10-05,20497
E12000007,London,region,2021-10-04,20483
E12000007,London,region,2021-10-03,20472
E12000007,London,region,2021-10-02,20465
E12000007,London,region,2021-10-01,20454
E12000007,London,region,2021-09-30,20438
E12000007,London,region,2021-09-29,20421
E12000007,London,region,2021-09-28,20406
E12000007,London,region,2021-09-27,20388
E12000007,London,region,2021-09-26,20369
E12000007,London,region,2021-09-25,20358
E12000007,London,region,2021-09-24,20348
E12000007,London,region,2021-09-23,20332
E12000007,London,region,2021-09-22,20314
E12000007,London,region,2021-09-21,20301
E12000007,London,region,2021-09-20,20291
E12000007,London,region,2021-09-19,20280
E12000007,London,region,2021-09-18,20272
E12000007,London,region,2021-09-17,20262
E12000007,London,region,2021-09-16,20253
E12000007,London,region,2021-09-15,20242
E12000007,London,region,2021-09-14,20225
E12000007,London,region,2021-09-13,20211
E12000007,London,region,2021-09-12,20206
E12000007,London,region,2021-09-11,20198
E12000007,London,region,2021-09-10,20185
E12000007,London,region,2021-09-09,20175
E12000007,London,region,2021-09-08,20154
E12000007,London,region,2021-09-07,20140
E12000007,London,region,2021-09-06,20127
E12000007,London,region,2021-09-05,20110
E12000007,London,region,2021-09-04,20096
E12000007,London,region,2021-09-03,20088
E12000007,London,region,2021-09-02,20065
E12000007,London,region,2021-09-01,20051
E12000007,London,region,2021-08-31,20039
E12000007,London,region,2021-08-30,20027
E12000007,London,region,2021-08-29,20018
E12000007,London,region,2021-08-28,20008
E12000007,London,region,2021-08-27,19991
E12000007,London,region,2021-08-26,19979
E12000007,London,region,2021-08-25,19963
E12000007,London,region,2021-08-24,19950
E12000007,London,region,2021-08-23,19939
E12000007,London,region,2021-08-22,19927
E12000007,London,region,2021-08-21,19915
E12000007,London,region,2021-08-20,19897
E12000007,London,region,2021-08-19,19875
E12000007,London,region,2021-08-18,19860
E12000007,London,region,2021-08-17,19851
E12000007,London,region,2021-08-16,19842
E12000007,London,region,2021-08-15,19832
E12000007,London,region,2021-08-14,19818
E12000007,London,region,2021-08-13,19805
E12000007,London,region,2021-08-12,19799
E12000007,London,region,2021-08-11,19783
E12000007,London,region,2021-08-10,19769
E12000007,London,region,2021-08-09,19758
E12000007,London,region,2021-08-08,19750
E12000007,London,region,2021-08-07,19740
E12000007,London,region,2021-08-06,19731
E12000007,London,region,2021-08-05,19722
E12000007,London,region,2021-08-04,19707
E12000007,London,region,2021-08-03,19690
E12000007,London,region,2021-08-02,19683
E12000007,London,region,2021-08-01,19673
E12000007,London,region,2021-07-31,19662
E12000007,London,region,2021-07-30,19654
E12000007,London,region,2021-07-29,19641
E12000007,London,region,2021-07-28,19629
E12000007,London,region,2021-07-27,19619
E12000007,London,region,2021-07-26,19615
E12000007,London,region,2021-07-25,19606
E12000007,London,region,2021-07-24,19600
E12000007,London,region,2021-07-23,19593
E12000007,London,region,2021-07-22,19583
E12000007,London,region,2021-07-21,19577
E12000007,London,region,2021-07-20,19570
E12000007,London,region,2021-07-19,19561
E12000007,London,region,2021-07-18,19552
E12000007,London,region,2021-07-17,19544
E12000007,London,region,2021-07-16,19537
E12000007,London,region,2021-07-15,19533
E12000007,London,region,2021-07-14,19531
E12000007,London,region,2021-07-13,19526
E12000007,London,region,2021-07-12,19522
E12000007,London,region,2021-07-11,19519
E12000007,London,region,2021-07-10,19518
E12000007,London,region,2021-07-09,19514
E12000007,London,region,2021-07-08,19512
E12000007,London,region,2021-07-07,19510
E12000007,London,region,2021-07-06,19507
E12000007,London,region,2021-07-05,19504
E12000007,London,region,2021-07-04,19502
E12000007,London,region,2021-07-03,19501
E12000007,London,region,2021-07-02,19496
E12000007,London,region,2021-07-01,19495
E12000007,London,region,2021-06-30,19491
E12000007,London,region,2021-06-29,19486
E12000007,London,region,2021-06-28,19484
E12000007,London,region,2021-06-27,19482
E12000007,London,region,2021-06-26,19479
E12000007,London,region,2021-06-25,19479
E12000007,London,region,2021-06-24,19475
E12000007,London,region,2021-06-23,19472
E12000007,London,region,2021-06-22,19472
E12000007,London,region,2021-06-21,19471
E12000007,London,region,2021-06-20,19471
E12000007,London,region,2021-06-19,19470
E12000007,London,region,2021-06-18,19468
E12000007,London,region,2021-06-17,19464
E12000007,London,region,2021-06-16,19462
E12000007,London,region,2021-06-15,19460
E12000007,London,region,2021-06-14,19458
E12000007,London,region,2021-06-13,19458
E12000007,London,region,2021-06-12,19455
E12000007,London,region,2021-06-11,19450
E12000007,London,region,2021-06-10,19450
E12000007,London,region,2021-06-09,19449
E12000007,London,region,2021-06-08,19444
E12000007,London,region,2021-06-07,19442
E12000007,London,region,2021-06-06,19441
E12000007,London,region,2021-06-05,19437
E12000007,London,region,2021-06-04,19436
E12000007,London,region,2021-06-03,19434
E12000007,London,region,2021-06-02,19433
E12000007,London,region,2021-06-01,19432
E12000007,London,region,2021-05-31,19432
E12000007,London,region,2021-05-30,19431
E12000007,London,region,2021-05-29,19430
E12000007,London,region,2021-05-28,19427
E12000007,London,region,2021-05-27,19425
E12000007,London,region,2021-05-26,19423
E12000007,London,region,2021-05-25,19419
E12000007,London,region,2021-05-24,19419
E12000007,London,region,2021-05-23,19416
E12000007,London,region,2021-05-22,19413
E12000007,London,region,2021-05-21,19412
E12000007,London,region,2021-05-20,19408
E12000007,London,region,2021-05-19,19405
E12000007,London,region,2021-05-18,19405
E12000007,London,region,2021-05-17,19405
E12000007,London,region,2021-05-16,19405
E12000007,London,region,2021-05-15,19403
E12000007,London,region,2021-05-14,19402
E12000007,London,region,2021-05-13,19401
E12000007,London,region,2021-05-12,19400
E12000007,London,region,2021-05-11,19399
E12000007,London,region,2021-05-10,19399
E12000007,London,region,2021-05-09,19396
E12000007,London,region,2021-05-08,19395
E12000007,London,region,2021-05-07,19394
E12000007,London,region,2021-05-06,19391
E12000007,London,region,2021-05-05,19390
E12000007,London,region,2021-05-04,19385
E12000007,London,region,2021-05-03,19384
E12000007,London,region,2021-05-02,19382
E12000007,London,region,2021-05-01,19380
E12000007,London,region,2021-04-30,19376
E12000007,London,region,2021-04-29,19373
E12000007,London,region,2021-04-28,19372
E12000007,London,region,2021-04-27,19367
E12000007,London,region,2021-04-26,19365
E12000007,London,region,2021-04-25,19365
E12000007,London,region,2021-04-24,19362
E12000007,London,region,2021-04-23,19361
E12000007,London,region,2021-04-22,19360
E12000007,London,region,2021-04-21,19358
E12000007,London,region,2021-04-20,19357
E12000007,London,region,2021-04-19,19355
E12000007,London,region,2021-04-18,19351
E12000007,London,region,2021-04-17,19348
E12000007,London,region,2021-04-16,19346
E12000007,London,region,2021-04-15,19343
E12000007,London,region,2021-04-14,19335
E12000007,London,region,2021-04-13,19333
E12000007,London,region,2021-04-12,19329
E12000007,London,region,2021-04-11,19326
E12000007,London,region,2021-04-10,19322
E12000007,London,region,2021-04-09,19314
E12000007,London,region,2021-04-08,19309
E12000007,London,region,2021-04-07,19301
E12000007,London,region,2021-04-06,19299
E12000007,London,region,2021-04-05,19298
E12000007,London,region,2021-04-04,19292
E12000007,London,region,2021-04-03,19288
E12000007,London,region,2021-04-02,19280
E12000007,London,region,2021-04-01,19277
E12000007,London,region,2021-03-31,19271
E12000007,London,region,2021-03-30,19263
E12000007,London,region,2021-03-29,19258
E12000007,London,region,2021-03-28,19256
E12000007,London,region,2021-03-27,19247
E12000007,London,region,2021-03-26,19236
E12000007,London,region,2021-03-25,19234
E12000007,London,region,2021-03-24,19228
E12000007,London,region,2021-03-23,19217
E12000007,London,region,2021-03-22,19212
E12000007,London,region,2021-03-21,19202
E12000007,London,region,2021-03-20,19186
E12000007,London,region,2021-03-19,19179
E12000007,London,region,2021-03-18,19172
E12000007,London,region,2021-03-17,19163
E12000007,London,region,2021-03-16,19150
E12000007,London,region,2021-03-15,19141
E12000007,London,region,2021-03-14,19127
E12000007,London,region,2021-03-13,19117
E12000007,London,region,2021-03-12,19101
E12000007,London,region,2021-03-11,19096
E12000007,London,region,2021-03-10,19076
E12000007,London,region,2021-03-09,19062
E12000007,London,region,2021-03-08,19046
E12000007,London,region,2021-03-07,19031
E12000007,London,region,2021-03-06,19009
E12000007,London,region,2021-03-05,18985
E12000007,London,region,2021-03-04,18958
E12000007,London,region,2021-03-03,18937
E12000007,London,region,2021-03-02,18920
E12000007,London,region,2021-03-01,18893
E12000007,London,region,2021-02-28,18859
E12000007,London,region,2021-02-27,18834
E12000007,London,region,2021-02-26,18809
E12000007,London,region,2021-02-25,18779
E12000007,London,region,2021-02-24,18751
E12000007,London,region,2021-02-23,18717
E12000007,London,region,2021-02-22,18682
E12000007,London,region,2021-02-21,18635
E12000007,London,region,2021-02-20,18582
E12000007,London,region,2021-02-19,18546
E12000007,London,region,2021-02-18,18493
E12000007,London,region,2021-02-17,18432
E12000007,London,region,2021-02-16,18373
E12000007,London,region,2021-02-15,18311
E12000007,London,region,2021-02-14,18256
E12000007,London,region,2021-02-13,18197
E12000007,London,region,2021-02-12,18134
E12000007,London,region,2021-02-11,18072
E12000007,London,region,2021-02-10,18008
E12000007,London,region,2021-02-09,17930
E12000007,London,region,2021-02-08,17862
E12000007,London,region,2021-02-07,17776
E12000007,London,region,2021-02-06,17692
E12000007,London,region,2021-02-05,17603
E12000007,London,region,2021-02-04,17496
E12000007,London,region,2021-02-03,17414
E12000007,London,region,2021-02-02,17290
E12000007,London,region,2021-02-01,17168
E12000007,London,region,2021-01-31,17054
E12000007,London,region,2021-01-30,16939
E12000007,London,region,2021-01-29,16831
E12000007,London,region,2021-01-28,16692
E12000007,London,region,2021-01-27,16556
E12000007,London,region,2021-01-26,16405
E12000007,London,region,2021-01-25,16260
E12000007,London,region,2021-01-24,16091
E12000007,London,region,2021-01-23,15930
E12000007,London,region,2021-01-22,15757
E12000007,London,region,2021-01-21,15581
E12000007,London,region,2021-01-20,15381
E12000007,London,region,2021-01-19,15187
E12000007,London,region,2021-01-18,14959
E12000007,London,region,2021-01-17,14736
E12000007,London,region,2021-01-16,14524
E12000007,London,region,2021-01-15,14312
E12000007,London,region,2021-01-14,14122
E12000007,London,region,2021-01-13,13907
E12000007,London,region,2021-01-12,13688
E12000007,London,region,2021-01-11,13477
E12000007,London,region,2021-01-10,13280
E12000007,London,region,2021-01-09,13079
E12000007,London,region,2021-01-08,12896
E12000007,London,region,2021-01-07,12707
E12000007,London,region,2021-01-06,12513
E12000007,London,region,2021-01-05,12338
E12000007,London,region,2021-01-04,12148
E12000007,London,region,2021-01-03,11970
E12000007,London,region,2021-01-02,11825
E12000007,London,region,2021-01-01,11660
E12000007,London,region,2020-12-31,11516
E12000007,London,region,2020-12-30,11373
E12000007,London,region,2020-12-29,11237
E12000007,London,region,2020-12-28,11126
E12000007,London,region,2020-12-27,11014
E12000007,London,region,2020-12-26,10908
E12000007,London,region,2020-12-25,10811
E12000007,London,region,2020-12-24,10718
E12000007,London,region,2020-12-23,10650
E12000007,London,region,2020-12-22,10574
E12000007,London,region,2020-12-21,10485
E12000007,London,region,2020-12-20,10426
E12000007,London,region,2020-12-19,10375
E12000007,London,region,2020-12-18,10327
E12000007,London,region,2020-12-17,10274
E12000007,London,region,2020-12-16,10214
E12000007,London,region,2020-12-15,10179
E12000007,London,region,2020-12-14,10133
E12000007,London,region,2020-12-13,10094
E12000007,London,region,2020-12-12,10062
E12000007,London,region,2020-12-11,10016
E12000007,London,region,2020-12-10,9987
E12000007,London,region,2020-12-09,9955
E12000007,London,region,2020-12-08,9924
E12000007,London,region,2020-12-07,9885
E12000007,London,region,2020-12-06,9848
E12000007,London,region,2020-12-05,9819
E12000007,London,region,2020-12-04,9789
E12000007,London,region,2020-12-03,9757
E12000007,London,region,2020-12-02,9724
E12000007,London,region,2020-12-01,9695
E12000007,London,region,2020-11-30,9674
E12000007,London,region,2020-11-29,9647
E12000007,London,region,2020-11-28,9595
E12000007,London,region,2020-11-27,9566
E12000007,London,region,2020-11-26,9539
E12000007,London,region,2020-11-25,9511
E12000007,London,region,2020-11-24,9474
E12000007,London,region,2020-11-23,9442
E12000007,London,region,2020-11-22,9421
E12000007,London,region,2020-11-21,9386
E12000007,London,region,2020-11-20,9364
E12000007,London,region,2020-11-19,9336
E12000007,London,region,2020-11-18,9309
E12000007,London,region,2020-11-17,9287
E12000007,London,region,2020-11-16,9254
E12000007,London,region,2020-11-15,9221
E12000007,London,region,2020-11-14,9203
E12000007,London,region,2020-11-13,9184
E12000007,London,region,2020-11-12,9170
E12000007,London,region,2020-11-11,9148
E12000007,London,region,2020-11-10,9136
E12000007,London,region,2020-11-09,9121
E12000007,London,region,2020-11-08,9097
E12000007,London,region,2020-11-07,9076
E12000007,London,region,2020-11-06,9052
E12000007,London,region,2020-11-05,9039
E12000007,London,region,2020-11-04,9020
E12000007,London,region,2020-11-03,9005
E12000007,London,region,2020-11-02,8990
E12000007,London,region,2020-11-01,8970
E12000007,London,region,2020-10-31,8952
E12000007,London,region,2020-10-30,8945
E12000007,London,region,2020-10-29,8932
E12000007,London,region,2020-10-28,8917
E12000007,London,region,2020-10-27,8898
E12000007,London,region,2020-10-26,8884
E12000007,London,region,2020-10-25,8873
E12000007,London,region,2020-10-24,8863
E12000007,London,region,2020-10-23,8845
E12000007,London,region,2020-10-22,8840
E12000007,London,region,2020-10-21,8829
E12000007,London,region,2020-10-20,8816
E12000007,London,region,2020-10-19,8809
E12000007,London,region,2020-10-18,8800
E12000007,London,region,2020-10-17,8794
E12000007,London,region,2020-10-16,8790
E12000007,London,region,2020-10-15,8783
E12000007,London,region,2020-10-14,8770
E12000007,London,region,2020-10-13,8763
E12000007,London,region,2020-10-12,8759
E12000007,London,region,2020-10-11,8755
E12000007,London,region,2020-10-10,8751
E12000007,London,region,2020-10-09,8747
E12000007,London,region,2020-10-08,8738
E12000007,London,region,2020-10-07,8732
E12000007,London,region,2020-10-06,8725
E12000007,London,region,2020-10-05,8720
E12000007,London,region,2020-10-04,8711
E12000007,London,region,2020-10-03,8709
E12000007,London,region,2020-10-02,8705
E12000007,London,region,2020-10-01,8703
E12000007,London,region,2020-09-30,8698
E12000007,London,region,2020-09-29,8691
E12000007,London,region,2020-09-28,8683
E12000007,London,region,2020-09-27,8677
E12000007,London,region,2020-09-26,8675
E12000007,London,region,2020-09-25,8673
E12000007,London,region,2020-09-24,8672
E12000007,London,region,2020-09-23,8670
E12000007,London,region,2020-09-22,8662
E12000007,London,region,2020-09-21,8657
E12000007,London,region,2020-09-20,8654
E12000007,London,region,2020-09-19,8650
E12000007,London,region,2020-09-18,8644
E12000007,London,region,2020-09-17,8642
E12000007,London,region,2020-09-16,8637
E12000007,London,region,2020-09-15,8636
E12000007,London,region,2020-09-14,8632
E12000007,London,region,2020-09-13,8632
E12000007,London,region,2020-09-12,8632
E12000007,London,region,2020-09-11,8632
E12000007,London,region,2020-09-10,8629
E12000007,London,region,2020-09-09,8626
E12000007,London,region,2020-09-08,8625
E12000007,London,region,2020-09-07,8624
E12000007,London,region,2020-09-06,8624
E12000007,London,region,2020-09-05,8622
E12000007,London,region,2020-09-04,8622
E12000007,London,region,2020-09-03,8622
E12000007,London,region,2020-09-02,8621
E12000007,London,region,2020-09-01,8621
E12000007,London,region,2020-08-31,8620
E12000007,London,region,2020-08-30,8619
E12000007,London,region,2020-08-29,8619
E12000007,London,region,2020-08-28,8618
E12000007,London,region,2020-08-27,8618
E12000007,London,region,2020-08-26,8618
E12000007,London,region,2020-08-25,8617
E12000007,London,region,2020-08-24,8616
E12000007,London,region,2020-08-23,8616
E12000007,London,region,2020-08-22,8616
E12000007,London,region,2020-08-21,8615
E12000007,London,region,2020-08-20,8615
E12000007,London,region,2020-08-19,8613
E12000007,London,region,2020-08-18,8613
E12000007,London,region,2020-08-17,8612
E12000007,London,region,2020-08-16,8611
E12000007,London,region,2020-08-15,8611
E12000007,London,region,2020-08-14,8611
E12000007,London,region,2020-08-13,8609
E12000007,London,region,2020-08-12,8606
E12000007,London,region,2020-08-11,8605
E12000007,London,region,2020-08-10,8603
E12000007,London,region,2020-08-09,8601
E12000007,London,region,2020-08-08,8600
E12000007,London,region,2020-08-07,8597
E12000007,London,region,2020-08-06,8597
E12000007,London,region,2020-08-05,8594
E12000007,London,region,2020-08-04,8594
E12000007,London,region,2020-08-03,8593
E12000007,London,region,2020-08-02,8593
E12000007,London,region,2020-08-01,8590
E12000007,London,region,2020-07-31,8588
E12000007,London,region,2020-07-30,8586
E12000007,London,region,2020-07-29,8586
E12000007,London,region,2020-07-28,8585
E12000007,London,region,2020-07-27,8583
E12000007,London,region,2020-07-26,8582
E12000007,London,region,2020-07-25,8580
E12000007,London,region,2020-07-24,8579
E12000007,London,region,2020-07-23,8576
E12000007,London,region,2020-07-22,8571
E12000007,London,region,2020-07-21,8567
E12000007,London,region,2020-07-20,8564
E12000007,London,region,2020-07-19,8563
E12000007,London,region,2020-07-18,8562
E12000007,London,region,2020-07-17,8561
E12000007,London,region,2020-07-16,8557
E12000007,London,region,2020-07-15,8556
E12000007,London,region,2020-07-14,8555
E12000007,London,region,2020-07-13,8552
E12000007,London,region,2020-07-12,8549
E12000007,London,region,2020-07-11,8548
E12000007,London,region,2020-07-10,8544
E12000007,London,region,2020-07-09,8542
E12000007,London,region,2020-07-08,8539
E12000007,London,region,2020-07-07,8536
E12000007,London,region,2020-07-06,8535
E12000007,London,region,2020-07-05,8531
E12000007,London,region,2020-07-04,8527
E12000007,London,region,2020-07-03,8525
E12000007,London,region,2020-07-02,8523
E12000007,London,region,2020-07-01,8520
E12000007,London,region,2020-06-30,8515
E12000007,London,region,2020-06-29,8511
E12000007,London,region,2020-06-28,8507
E12000007,London,region,2020-06-27,8503
E12000007,London,region,2020-06-26,8503
E12000007,London,region,2020-06-25,8497
E12000007,London,region,2020-06-24,8492
E12000007,London,region,2020-06-23,8484
E12000007,London,region,2020-06-22,8479
E12000007,London,region,2020-06-21,8474
E12000007,London,region,2020-06-20,8473
E12000007,London,region,2020-06-19,8469
E12000007,London,region,2020-06-18,8458
E12000007,London,region,2020-06-17,8458
E12000007,London,region,2020-06-16,8455
E12000007,London,region,2020-06-15,8451
E12000007,London,region,2020-06-14,8447
E12000007,London,region,2020-06-13,8438
E12000007,London,region,2020-06-12,8432
E12000007,London,region,2020-06-11,8422
E12000007,London,region,2020-06-10,8416
E12000007,London,region,2020-06-09,8409
E12000007,London,region,2020-06-08,8401
E12000007,London,region,2020-06-07,8392
E12000007,London,region,2020-06-06,8385
E12000007,London,region,2020-06-05,8382
E12000007,London,region,2020-06-04,8375
E12000007,London,region,2020-06-03,8364
E12000007,London,region,2020-06-02,8358
E12000007,London,region,2020-06-01,8343
E12000007,London,region,2020-05-31,8330
E12000007,London,region,2020-05-30,8318
E12000007,London,region,2020-05-29,8301
E12000007,London,region,2020-05-28,8290
E12000007,London,region,2020-05-27,8280
E12000007,London,region,2020-05-26,8266
E12000007,London,region,2020-05-25,8243
E12000007,London,region,2020-05-24,8229
E12000007,London,region,2020-05-23,8214
E12000007,London,region,2020-05-22,8201
E12000007,London,region,2020-05-21,8184
E12000007,London,region,2020-05-20,8162
E12000007,London,region,2020-05-19,8140
E12000007,London,region,2020-05-18,8113
E12000007,London,region,2020-05-17,8089
E12000007,London,region,2020-05-16,8067
E12000007,London,region,2020-05-15,8044
E12000007,London,region,2020-05-14,8018
E12000007,London,region,2020-05-13,7985
E12000007,London,region,2020-05-12,7960
E12000007,London,region,2020-05-11,7930
E12000007,London,region,2020-05-10,7885
E12000007,London,region,2020-05-09,7844
E12000007,London,region,2020-05-08,7814
E12000007,London,region,2020-05-07,7767
E12000007,London,region,2020-05-06,7714
E12000007,London,region,2020-05-05,7656
E12000007,London,region,2020-05-04,7604
E12000007,London,region,2020-05-03,7551
E12000007,London,region,2020-05-02,7493
E12000007,London,region,2020-05-01,7415
E12000007,London,region,2020-04-30,7355
E12000007,London,region,2020-04-29,7277
E12000007,London,region,2020-04-28,7201
E12000007,London,region,2020-04-27,7121
E12000007,London,region,2020-04-26,7047
E12000007,London,region,2020-04-25,6963
E12000007,London,region,2020-04-24,6884
E12000007,London,region,2020-04-23,6763
E12000007,London,region,2020-04-22,6643
E12000007,London,region,2020-04-21,6508
E12000007,London,region,2020-04-20,6366
E12000007,London,region,2020-04-19,6221
E12000007,London,region,2020-04-18,6065
E12000007,London,region,2020-04-17,5898
E12000007,London,region,2020-04-16,5728
E12000007,London,region,2020-04-15,5526
E12000007,London,region,2020-04-14,5323
E12000007,London,region,2020-04-13,5111
E12000007,London,region,2020-04-12,4883
E12000007,London,region,2020-04-11,4646
E12000007,London,region,2020-04-10,4397
E12000007,London,region,2020-04-09,4156
E12000007,London,region,2020-04-08,3881
E12000007,London,region,2020-04-07,3554
E12000007,London,region,2020-04-06,3259
E12000007,London,region,2020-04-05,2986
E12000007,London,region,2020-04-04,2713
E12000007,London,region,2020-04-03,2426
E12000007,London,region,2020-04-02,2159
E12000007,London,region,2020-04-01,1904
E12000007,London,region,2020-03-31,1667
E12000007,London,region,2020-03-30,1428
E12000007,London,region,2020-03-29,1232
E12000007,London,region,2020-03-28,1057
E12000007,London,region,2020-03-27,909
E12000007,London,region,2020-03-26,754
E12000007,London,region,2020-03-25,608
E12000007,London,region,2020-03-24,473
E12000007,London,region,2020-03-23,375
E12000007,London,region,2020-03-22,306
E12000007,London,region,2020-03-21,243
E12000007,London,region,2020-03-20,187
E12000007,London,region,2020-03-19,137
E12000007,London,region,2020-03-18,106
E12000007,London,region,2020-03-17,78
E12000007,London,region,2020-03-16,52
E12000007,London,region,2020-03-15,37
E12000007,London,region,2020-03-14,29
E12000007,London,region,2020-03-13,19
E12000007,London,region,2020-03-12,13
E12000007,London,region,2020-03-11,7
E12000007,London,region,2020-03-10,5
E12000007,London,region,2020-03-09,4
E12000007,London,region,2020-03-08,2
E12000007,London,region,2020-03-07,2
E12000007,London,region,2020-03-06,2
E12000007,London,region,2020-03-05,1
E12000007,London,region,2020-03-04,1
E12000008,South East,region,2022-12-02,27965
E12000008,South East,region,2022-12-01,27960
E12000008,South East,region,2022-11-30,27958
E12000008,South East,region,2022-11-29,27957
E12000008,South East,region,2022-11-28,27947
E12000008,South East,region,2022-11-27,27940
E12000008,South East,region,2022-11-26,27935
E12000008,South East,region,2022-11-25,27934
E12000008,South East,region,2022-11-24,27933
E12000008,South East,region,2022-11-23,27923
E12000008,South East,region,2022-11-22,27915
E12000008,South East,region,2022-11-21,27909
E12000008,South East,region,2022-11-20,27903
E12000008,South East,region,2022-11-19,27892
E12000008,South East,region,2022-11-18,27888
E12000008,South East,region,2022-11-17,27879
E12000008,South East,region,2022-11-16,27872
E12000008,South East,region,2022-11-15,27867
E12000008,South East,region,2022-11-14,27862
E12000008,South East,region,2022-11-13,27853
E12000008,South East,region,2022-11-12,27848
E12000008,South East,region,2022-11-11,27845
E12000008,South East,region,2022-11-10,27838
E12000008,South East,region,2022-11-09,27829
E12000008,South East,region,2022-11-08,27826
E12000008,South East,region,2022-11-07,27817
E12000008,South East,region,2022-11-06,27807
E12000008,South East,region,2022-11-05,27801
E12000008,South East,region,2022-11-04,27793
E12000008,South East,region,2022-11-03,27785
E12000008,South East,region,2022-11-02,27774
E12000008,South East,region,2022-11-01,27760
E12000008,South East,region,2022-10-31,27751
E12000008,South East,region,2022-10-30,27740
E12000008,South East,region,2022-10-29,27726
E12000008,South East,region,2022-10-28,27710
E12000008,South East,region,2022-10-27,27698
E12000008,South East,region,2022-10-26,27686
E12000008,South East,region,2022-10-25,27679
E12000008,South East,region,2022-10-24,27665
E12000008,South East,region,2022-10-23,27646
E12000008,South East,region,2022-10-22,27635
E12000008,South East,region,2022-10-21,27619
E12000008,South East,region,2022-10-20,27602
E12000008,South East,region,2022-10-19,27583
E12000008,South East,region,2022-10-18,27567
E12000008,South East,region,2022-10-17,27549
E12000008,South East,region,2022-10-16,27529
E12000008,South East,region,2022-10-15,27511
E12000008,South East,region,2022-10-14,27494
E12000008,South East,region,2022-10-13,27479
E12000008,South East,region,2022-10-12,27463
E12000008,South East,region,2022-10-11,27437
E12000008,South East,region,2022-10-10,27419
E12000008,South East,region,2022-10-09,27402
E12000008,South East,region,2022-10-08,27393
E12000008,South East,region,2022-10-07,27385
E12000008,South East,region,2022-10-06,27374
E12000008,South East,region,2022-10-05,27364
E12000008,South East,region,2022-10-04,27350
E12000008,South East,region,2022-10-03,27331
E12000008,South East,region,2022-10-02,27320
E12000008,South East,region,2022-10-01,27311
E12000008,South East,region,2022-09-30,27305
E12000008,South East,region,2022-09-29,27297
E12000008,South East,region,2022-09-28,27292
E12000008,South East,region,2022-09-27,27282
E12000008,South East,region,2022-09-26,27277
E12000008,South East,region,2022-09-25,27270
E12000008,South East,region,2022-09-24,27268
E12000008,South East,region,2022-09-23,27265
E12000008,South East,region,2022-09-22,27260
E12000008,South East,region,2022-09-21,27252
E12000008,South East,region,2022-09-20,27247
E12000008,South East,region,2022-09-19,27244
E12000008,South East,region,2022-09-18,27237
E12000008,South East,region,2022-09-17,27234
E12000008,South East,region,2022-09-16,27231
E12000008,South East,region,2022-09-15,27224
E12000008,South East,region,2022-09-14,27215
E12000008,South East,region,2022-09-13,27205
E12000008,South East,region,2022-09-12,27197
E12000008,South East,region,2022-09-11,27195
E12000008,South East,region,2022-09-10,27194
E12000008,South East,region,2022-09-09,27188
E12000008,South East,region,2022-09-08,27183
E12000008,South East,region,2022-09-07,27174
E12000008,South East,region,2022-09-06,27167
E12000008,South East,region,2022-09-05,27163
E12000008,South East,region,2022-09-04,27159
E12000008,South East,region,2022-09-03,27152
E12000008,South East,region,2022-09-02,27146
E12000008,South East,region,2022-09-01,27141
E12000008,South East,region,2022-08-31,27137
E12000008,South East,region,2022-08-30,27127
E12000008,South East,region,2022-08-29,27125
E12000008,South East,region,2022-08-28,27118
E12000008,South East,region,2022-08-27,27107
E12000008,South East,region,2022-08-26,27099
E12000008,South East,region,2022-08-25,27094
E12000008,South East,region,2022-08-24,27090
E12000008,South East,region,2022-08-23,27084
E12000008,South East,region,2022-08-22,27078
E12000008,South East,region,2022-08-21,27068
E12000008,South East,region,2022-08-20,27062
E12000008,South East,region,2022-08-19,27048
E12000008,South East,region,2022-08-18,27039
E12000008,South East,region,2022-08-17,27030
E12000008,South East,region,2022-08-16,27021
E12000008,South East,region,2022-08-15,27012
E12000008,South East,region,2022-08-14,27004
E12000008,South East,region,2022-08-13,26993
E12000008,South East,region,2022-08-12,26980
E12000008,South East,region,2022-08-11,26965
E12000008,South East,region,2022-08-10,26957
E12000008,South East,region,2022-08-09,26948
E12000008,South East,region,2022-08-08,26938
E12000008,South East,region,2022-08-07,26926
E12000008,South East,region,2022-08-06,26917
E12000008,South East,region,2022-08-05,26905
E12000008,South East,region,2022-08-04,26891
E12000008,South East,region,2022-08-03,26883
E12000008,South East,region,2022-08-02,26871
E12000008,South East,region,2022-08-01,26858
E12000008,South East,region,2022-07-31,26844
E12000008,South East,region,2022-07-30,26832
E12000008,South East,region,2022-07-29,26821
E12000008,South East,region,2022-07-28,26807
E12000008,South East,region,2022-07-27,26789
E12000008,South East,region,2022-07-26,26771
E12000008,South East,region,2022-07-25,26757
E12000008,South East,region,2022-07-24,26746
E12000008,South East,region,2022-07-23,26723
E12000008,South East,region,2022-07-22,26709
E12000008,South East,region,2022-07-21,26699
E12000008,South East,region,2022-07-20,26688
E12000008,South East,region,2022-07-19,26663
E12000008,South East,region,2022-07-18,26624
E12000008,South East,region,2022-07-17,26612
E12000008,South East,region,2022-07-16,26588
E12000008,South East,region,2022-07-15,26573
E12000008,South East,region,2022-07-14,26559
E12000008,South East,region,2022-07-13,26546
E12000008,South East,region,2022-07-12,26528
E12000008,South East,region,2022-07-11,26509
E12000008,South East,region,2022-07-10,26495
E12000008,South East,region,2022-07-09,26478
E12000008,South East,region,2022-07-08,26461
E12000008,South East,region,2022-07-07,26451
E12000008,South East,region,2022-07-06,26435
E12000008,South East,region,2022-07-05,26416
E12000008,South East,region,2022-07-04,26403
E12000008,South East,region,2022-07-03,26395
E12000008,South East,region,2022-07-02,26387
E12000008,South East,region,2022-07-01,26378
E12000008,South East,region,2022-06-30,26365
E12000008,South East,region,2022-06-29,26359
E12000008,South East,region,2022-06-28,26344
E12000008,South East,region,2022-06-27,26338
E12000008,South East,region,2022-06-26,26333
E12000008,South East,region,2022-06-25,26318
E12000008,South East,region,2022-06-24,26310
E12000008,South East,region,2022-06-23,26306
E12000008,South East,region,2022-06-22,26302
E12000008,South East,region,2022-06-21,26291
E12000008,South East,region,2022-06-20,26285
E12000008,South East,region,2022-06-19,26277
E12000008,South East,region,2022-06-18,26272
E12000008,South East,region,2022-06-17,26268
E12000008,South East,region,2022-06-16,26257
E12000008,South East,region,2022-06-15,26251
E12000008,South East,region,2022-06-14,26244
E12000008,South East,region,2022-06-13,26239
E12000008,South East,region,2022-06-12,26237
E12000008,South East,region,2022-06-11,26234
E12000008,South East,region,2022-06-10,26230
E12000008,South East,region,2022-06-09,26223
E12000008,South East,region,2022-06-08,26219
E12000008,South East,region,2022-06-07,26215
E12000008,South East,region,2022-06-06,26212
E12000008,South East,region,2022-06-05,26205
E12000008,South East,region,2022-06-04,26202
E12000008,South East,region,2022-06-03,26195
E12000008,South East,region,2022-06-02,26192
E12000008,South East,region,2022-06-01,26188
E12000008,South East,region,2022-05-31,26186
E12000008,South East,region,2022-05-30,26179
E12000008,South East,region,2022-05-29,26174
E12000008,South East,region,2022-05-28,26170
E12000008,South East,region,2022-05-27,26168
E12000008,South East,region,2022-05-26,26163
E12000008,South East,region,2022-05-25,26159
E12000008,South East,region,2022-05-24,26155
E12000008,South East,region,2022-05-23,26148
E12000008,South East,region,2022-05-22,26143
E12000008,South East,region,2022-05-21,26138
E12000008,South East,region,2022-05-20,26132
E12000008,South East,region,2022-05-19,26125
E12000008,South East,region,2022-05-18,26123
E12000008,South East,region,2022-05-17,26118
E12000008,South East,region,2022-05-16,26108
E12000008,South East,region,2022-05-15,26100
E12000008,South East,region,2022-05-14,26095
E12000008,South East,region,2022-05-13,26089
E12000008,South East,region,2022-05-12,26074
E12000008,South East,region,2022-05-11,26068
E12000008,South East,region,2022-05-10,26058
E12000008,South East,region,2022-05-09,26046
E12000008,South East,region,2022-05-08,26031
E12000008,South East,region,2022-05-07,26014
E12000008,South East,region,2022-05-06,25998
E12000008,South East,region,2022-05-05,25983
E12000008,South East,region,2022-05-04,25972
E12000008,South East,region,2022-05-03,25964
E12000008,South East,region,2022-05-02,25952
E12000008,South East,region,2022-05-01,25940
E12000008,South East,region,2022-04-30,25933
E12000008,South East,region,2022-04-29,25919
E12000008,South East,region,2022-04-28,25904
E12000008,South East,region,2022-04-27,25890
E12000008,South East,region,2022-04-26,25880
E12000008,South East,region,2022-04-25,25861
E12000008,South East,region,2022-04-24,25843
E12000008,South East,region,2022-04-23,25825
E12000008,South East,region,2022-04-22,25800
E12000008,South East,region,2022-04-21,25775
E12000008,South East,region,2022-04-20,25750
E12000008,South East,region,2022-04-19,25724
E12000008,South East,region,2022-04-18,25705
E12000008,South East,region,2022-04-17,25685
E12000008,South East,region,2022-04-16,25670
E12000008,South East,region,2022-04-15,25650
E12000008,South East,region,2022-04-14,25626
E12000008,South East,region,2022-04-13,25599
E12000008,South East,region,2022-04-12,25567
E12000008,South East,region,2022-04-11,25541
E12000008,South East,region,2022-04-10,25520
E12000008,South East,region,2022-04-09,25491
E12000008,South East,region,2022-04-08,25464
E12000008,South East,region,2022-04-07,25423
E12000008,South East,region,2022-04-06,25389
E12000008,South East,region,2022-04-05,25357
E12000008,South East,region,2022-04-04,25324
E12000008,South East,region,2022-04-03,25312
E12000008,South East,region,2022-04-02,25290
E12000008,South East,region,2022-04-01,25268
E12000008,South East,region,2022-03-31,25242
E12000008,South East,region,2022-03-30,25218
E12000008,South East,region,2022-03-29,25186
E12000008,South East,region,2022-03-28,25167
E12000008,South East,region,2022-03-27,25147
E12000008,South East,region,2022-03-26,25124
E12000008,South East,region,2022-03-25,25103
E12000008,South East,region,2022-03-24,25084
E12000008,South East,region,2022-03-23,25061
E12000008,South East,region,2022-03-22,25033
E12000008,South East,region,2022-03-21,25006
E12000008,South East,region,2022-03-20,24991
E12000008,South East,region,2022-03-19,24963
E12000008,South East,region,2022-03-18,24948
E12000008,South East,region,2022-03-17,24928
E12000008,South East,region,2022-03-16,24908
E12000008,South East,region,2022-03-15,24890
E12000008,South East,region,2022-03-14,24869
E12000008,South East,region,2022-03-13,24841
E12000008,South East,region,2022-03-12,24825
E12000008,South East,region,2022-03-11,24811
E12000008,South East,region,2022-03-10,24795
E12000008,South East,region,2022-03-09,24781
E12000008,South East,region,2022-03-08,24767
E12000008,South East,region,2022-03-07,24743
E12000008,South East,region,2022-03-06,24729
E12000008,South East,region,2022-03-05,24717
E12000008,South East,region,2022-03-04,24697
E12000008,South East,region,2022-03-03,24684
E12000008,South East,region,2022-03-02,24668
E12000008,South East,region,2022-03-01,24638
E12000008,South East,region,2022-02-28,24619
E12000008,South East,region,2022-02-27,24606
E12000008,South East,region,2022-02-26,24589
E12000008,South East,region,2022-02-25,24570
E12000008,South East,region,2022-02-24,24552
E12000008,South East,region,2022-02-23,24543
E12000008,South East,region,2022-02-22,24524
E12000008,South East,region,2022-02-21,24507
E12000008,South East,region,2022-02-20,24487
E12000008,South East,region,2022-02-19,24463
E12000008,South East,region,2022-02-18,24445
E12000008,South East,region,2022-02-17,24423
E12000008,South East,region,2022-02-16,24411
E12000008,South East,region,2022-02-15,24395
E12000008,South East,region,2022-02-14,24373
E12000008,South East,region,2022-02-13,24351
E12000008,South East,region,2022-02-12,24328
E12000008,South East,region,2022-02-11,24302
E12000008,South East,region,2022-02-10,24277
E12000008,South East,region,2022-02-09,24261
E12000008,South East,region,2022-02-08,24238
E12000008,South East,region,2022-02-07,24213
E12000008,South East,region,2022-02-06,24193
E12000008,South East,region,2022-02-05,24171
E12000008,South East,region,2022-02-04,24145
E12000008,South East,region,2022-02-03,24131
E12000008,South East,region,2022-02-02,24106
E12000008,South East,region,2022-02-01,24082
E12000008,South East,region,2022-01-31,24051
E12000008,South East,region,2022-01-30,24025
E12000008,South East,region,2022-01-29,24002
E12000008,South East,region,2022-01-28,23991
E12000008,South East,region,2022-01-27,23971
E12000008,South East,region,2022-01-26,23949
E12000008,South East,region,2022-01-25,23928
E12000008,South East,region,2022-01-24,23918
E12000008,South East,region,2022-01-23,23892
E12000008,South East,region,2022-01-22,23879
E12000008,South East,region,2022-01-21,23853
E12000008,South East,region,2022-01-20,23827
E12000008,South East,region,2022-01-19,23801
E12000008,South East,region,2022-01-18,23779
E12000008,South East,region,2022-01-17,23754
E12000008,South East,region,2022-01-16,23729
E12000008,South East,region,2022-01-15,23704
E12000008,South East,region,2022-01-14,23674
E12000008,South East,region,2022-01-13,23655
E12000008,South East,region,2022-01-12,23632
E12000008,South East,region,2022-01-11,23602
E12000008,South East,region,2022-01-10,23583
E12000008,South East,region,2022-01-09,23565
E12000008,South East,region,2022-01-08,23537
E12000008,South East,region,2022-01-07,23519
E12000008,South East,region,2022-01-06,23495
E12000008,South East,region,2022-01-05,23480
E12000008,South East,region,2022-01-04,23460
E12000008,South East,region,2022-01-03,23441
E12000008,South East,region,2022-01-02,23422
E12000008,South East,region,2022-01-01,23408
E12000008,South East,region,2021-12-31,23388
E12000008,South East,region,2021-12-30,23367
E12000008,South East,region,2021-12-29,23350
E12000008,South East,region,2021-12-28,23337
E12000008,South East,region,2021-12-27,23322
E12000008,South East,region,2021-12-26,23303
E12000008,South East,region,2021-12-25,23293
E12000008,South East,region,2021-12-24,23276
E12000008,South East,region,2021-12-23,23263
E12000008,South East,region,2021-12-22,23250
E12000008,South East,region,2021-12-21,23233
E12000008,South East,region,2021-12-20,23222
E12000008,South East,region,2021-12-19,23212
E12000008,South East,region,2021-12-18,23198
E12000008,South East,region,2021-12-17,23182
E12000008,South East,region,2021-12-16,23171
E12000008,South East,region,2021-12-15,23153
E12000008,South East,region,2021-12-14,23141
E12000008,South East,region,2021-12-13,23116
E12000008,South East,region,2021-12-12,23103
E12000008,South East,region,2021-12-11,23093
E12000008,South East,region,2021-12-10,23078
E12000008,South East,region,2021-12-09,23065
E12000008,South East,region,2021-12-08,23042
E12000008,South East,region,2021-12-07,23029
E12000008,South East,region,2021-12-06,23014
E12000008,South East,region,2021-12-05,22999
E12000008,South East,region,2021-12-04,22988
E12000008,South East,region,2021-12-03,22975
E12000008,South East,region,2021-12-02,22957
E12000008,South East,region,2021-12-01,22938
E12000008,South East,region,2021-11-30,22921
E12000008,South East,region,2021-11-29,22898
E12000008,South East,region,2021-11-28,22889
E12000008,South East,region,2021-11-27,22875
E12000008,South East,region,2021-11-26,22862
E12000008,South East,region,2021-11-25,22846
E12000008,South East,region,2021-11-24,22834
E12000008,South East,region,2021-11-23,22814
E12000008,South East,region,2021-11-22,22803
E12000008,South East,region,2021-11-21,22792
E12000008,South East,region,2021-11-20,22783
E12000008,South East,region,2021-11-19,22772
E12000008,South East,region,2021-11-18,22758
E12000008,South East,region,2021-11-17,22744
E12000008,South East,region,2021-11-16,22730
E12000008,South East,region,2021-11-15,22713
E12000008,South East,region,2021-11-14,22700
E12000008,South East,region,2021-11-13,22683
E12000008,South East,region,2021-11-12,22668
E12000008,South East,region,2021-11-11,22653
E12000008,South East,region,2021-11-10,22640
E12000008,South East,region,2021-11-09,22625
E12000008,South East,region,2021-11-08,22607
E12000008,South East,region,2021-11-07,22588
E12000008,South East,region,2021-11-06,22567
E12000008,South East,region,2021-11-05,22548
E12000008,South East,region,2021-11-04,22527
E12000008,South East,region,2021-11-03,22509
E12000008,South East,region,2021-11-02,22496
E12000008,South East,region,2021-11-01,22476
E12000008,South East,region,2021-10-31,22455
E12000008,South East,region,2021-10-30,22429
E12000008,South East,region,2021-10-29,22406
E12000008,South East,region,2021-10-28,22390
E12000008,South East,region,2021-10-27,22367
E12000008,South East,region,2021-10-26,22350
E12000008,South East,region,2021-10-25,22334
E12000008,South East,region,2021-10-24,22320
E12000008,South East,region,2021-10-23,22309
E12000008,South East,region,2021-10-22,22296
E12000008,South East,region,2021-10-21,22288
E12000008,South East,region,2021-10-20,22276
E12000008,South East,region,2021-10-19,22264
E12000008,South East,region,2021-10-18,22249
E12000008,South East,region,2021-10-17,22240
E12000008,South East,region,2021-10-16,22229
E12000008,South East,region,2021-10-15,22221
E12000008,South East,region,2021-10-14,22206
E12000008,South East,region,2021-10-13,22191
E12000008,South East,region,2021-10-12,22180
E12000008,South East,region,2021-10-11,22178
E12000008,South East,region,2021-10-10,22169
E12000008,South East,region,2021-10-09,22161
E12000008,South East,region,2021-10-08,22154
E12000008,South East,region,2021-10-07,22147
E12000008,South East,region,2021-10-06,22135
E12000008,South East,region,2021-10-05,22126
E12000008,South East,region,2021-10-04,22116
E12000008,South East,region,2021-10-03,22106
E12000008,South East,region,2021-10-02,22096
E12000008,South East,region,2021-10-01,22089
E12000008,South East,region,2021-09-30,22081
E12000008,South East,region,2021-09-29,22071
E12000008,South East,region,2021-09-28,22057
E12000008,South East,region,2021-09-27,22047
E12000008,South East,region,2021-09-26,22035
E12000008,South East,region,2021-09-25,22026
E12000008,South East,region,2021-09-24,22019
E12000008,South East,region,2021-09-23,22005
E12000008,South East,region,2021-09-22,21994
E12000008,South East,region,2021-09-21,21986
E12000008,South East,region,2021-09-20,21973
E12000008,South East,region,2021-09-19,21964
E12000008,South East,region,2021-09-18,21956
E12000008,South East,region,2021-09-17,21944
E12000008,South East,region,2021-09-16,21927
E12000008,South East,region,2021-09-15,21917
E12000008,South East,region,2021-09-14,21904
E12000008,South East,region,2021-09-13,21899
E12000008,South East,region,2021-09-12,21887
E12000008,South East,region,2021-09-11,21877
E12000008,South East,region,2021-09-10,21860
E12000008,South East,region,2021-09-09,21851
E12000008,South East,region,2021-09-08,21835
E12000008,South East,region,2021-09-07,21820
E12000008,South East,region,2021-09-06,21800
E12000008,South East,region,2021-09-05,21783
E12000008,South East,region,2021-09-04,21764
E12000008,South East,region,2021-09-03,21750
E12000008,South East,region,2021-09-02,21736
E12000008,South East,region,2021-09-01,21731
E12000008,South East,region,2021-08-31,21723
E12000008,South East,region,2021-08-30,21715
E12000008,South East,region,2021-08-29,21706
E12000008,South East,region,2021-08-28,21694
E12000008,South East,region,2021-08-27,21683
E12000008,South East,region,2021-08-26,21671
E12000008,South East,region,2021-08-25,21660
E12000008,South East,region,2021-08-24,21647
E12000008,South East,region,2021-08-23,21636
E12000008,South East,region,2021-08-22,21625
E12000008,South East,region,2021-08-21,21607
E12000008,South East,region,2021-08-20,21600
E12000008,South East,region,2021-08-19,21587
E12000008,South East,region,2021-08-18,21577
E12000008,South East,region,2021-08-17,21565
E12000008,South East,region,2021-08-16,21548
E12000008,South East,region,2021-08-15,21540
E12000008,South East,region,2021-08-14,21532
E12000008,South East,region,2021-08-13,21530
E12000008,South East,region,2021-08-12,21525
E12000008,South East,region,2021-08-11,21520
E12000008,South East,region,2021-08-10,21513
E12000008,South East,region,2021-08-09,21511
E12000008,South East,region,2021-08-08,21505
E12000008,South East,region,2021-08-07,21498
E12000008,South East,region,2021-08-06,21492
E12000008,South East,region,2021-08-05,21477
E12000008,South East,region,2021-08-04,21470
E12000008,South East,region,2021-08-03,21467
E12000008,South East,region,2021-08-02,21454
E12000008,South East,region,2021-08-01,21445
E12000008,South East,region,2021-07-31,21440
E12000008,South East,region,2021-07-30,21433
E12000008,South East,region,2021-07-29,21427
E12000008,South East,region,2021-07-28,21414
E12000008,South East,region,2021-07-27,21404
E12000008,South East,region,2021-07-26,21399
E12000008,South East,region,2021-07-25,21393
E12000008,South East,region,2021-07-24,21384
E12000008,South East,region,2021-07-23,21379
E12000008,South East,region,2021-07-22,21373
E12000008,South East,region,2021-07-21,21371
E12000008,South East,region,2021-07-20,21366
E12000008,South East,region,2021-07-19,21363
E12000008,South East,region,2021-07-18,21357
E12000008,South East,region,2021-07-17,21355
E12000008,South East,region,2021-07-16,21350
E12000008,South East,region,2021-07-15,21347
E12000008,South East,region,2021-07-14,21338
E12000008,South East,region,2021-07-13,21337
E12000008,South East,region,2021-07-12,21336
E12000008,South East,region,2021-07-11,21331
E12000008,South East,region,2021-07-10,21330
E12000008,South East,region,2021-07-09,21326
E12000008,South East,region,2021-07-08,21322
E12000008,South East,region,2021-07-07,21318
E12000008,South East,region,2021-07-06,21315
E12000008,South East,region,2021-07-05,21313
E12000008,South East,region,2021-07-04,21310
E12000008,South East,region,2021-07-03,21309
E12000008,South East,region,2021-07-02,21307
E12000008,South East,region,2021-07-01,21306
E12000008,South East,region,2021-06-30,21304
E12000008,South East,region,2021-06-29,21303
E12000008,South East,region,2021-06-28,21302
E12000008,South East,region,2021-06-27,21302
E12000008,South East,region,2021-06-26,21301
E12000008,South East,region,2021-06-25,21299
E12000008,South East,region,2021-06-24,21294
E12000008,South East,region,2021-06-23,21290
E12000008,South East,region,2021-06-22,21290
E12000008,South East,region,2021-06-21,21288
E12000008,South East,region,2021-06-20,21288
E12000008,South East,region,2021-06-19,21287
E12000008,South East,region,2021-06-18,21286
E12000008,South East,region,2021-06-17,21285
E12000008,South East,region,2021-06-16,21283
E12000008,South East,region,2021-06-15,21281
E12000008,South East,region,2021-06-14,21281
E12000008,South East,region,2021-06-13,21281
E12000008,South East,region,2021-06-12,21278
E12000008,South East,region,2021-06-11,21278
E12000008,South East,region,2021-06-10,21276
E12000008,South East,region,2021-06-09,21271
E12000008,South East,region,2021-06-08,21268
E12000008,South East,region,2021-06-07,21266
E12000008,South East,region,2021-06-06,21265
E12000008,South East,region,2021-06-05,21264
E12000008,South East,region,2021-06-04,21264
E12000008,South East,region,2021-06-03,21261
E12000008,South East,region,2021-06-02,21260
E12000008,South East,region,2021-06-01,21260
E12000008,South East,region,2021-05-31,21259
E12000008,South East,region,2021-05-30,21259
E12000008,South East,region,2021-05-29,21259
E12000008,South East,region,2021-05-28,21258
E12000008,South East,region,2021-05-27,21255
E12000008,South East,region,2021-05-26,21254
E12000008,South East,region,2021-05-25,21254
E12000008,South East,region,2021-05-24,21251
E12000008,South East,region,2021-05-23,21249
E12000008,South East,region,2021-05-22,21247
E12000008,South East,region,2021-05-21,21247
E12000008,South East,region,2021-05-20,21246
E12000008,South East,region,2021-05-19,21245
E12000008,South East,region,2021-05-18,21244
E12000008,South East,region,2021-05-17,21242
E12000008,South East,region,2021-05-16,21240
E12000008,South East,region,2021-05-15,21239
E12000008,South East,region,2021-05-14,21238
E12000008,South East,region,2021-05-13,21233
E12000008,South East,region,2021-05-12,21233
E12000008,South East,region,2021-05-11,21232
E12000008,South East,region,2021-05-10,21228
E12000008,South East,region,2021-05-09,21228
E12000008,South East,region,2021-05-08,21227
E12000008,South East,region,2021-05-07,21224
E12000008,South East,region,2021-05-06,21222
E12000008,South East,region,2021-05-05,21220
E12000008,South East,region,2021-05-04,21219
E12000008,South East,region,2021-05-03,21216
E12000008,South East,region,2021-05-02,21214
E12000008,South East,region,2021-05-01,21211
E12000008,South East,region,2021-04-30,21210
E12000008,South East,region,2021-04-29,21206
E12000008,South East,region,2021-04-28,21203
E12000008,South East,region,2021-04-27,21202
E12000008,South East,region,2021-04-26,21200
E12000008,South East,region,2021-04-25,21199
E12000008,South East,region,2021-04-24,21196
E12000008,South East,region,2021-04-23,21190
E12000008,South East,region,2021-04-22,21189
E12000008,South East,region,2021-04-21,21185
E12000008,South East,region,2021-04-20,21181
E12000008,South East,region,2021-04-19,21175
E12000008,South East,region,2021-04-18,21171
E12000008,South East,region,2021-04-17,21167
E12000008,South East,region,2021-04-16,21165
E12000008,South East,region,2021-04-15,21163
E12000008,South East,region,2021-04-14,21160
E12000008,South East,region,2021-04-13,21156
E12000008,South East,region,2021-04-12,21150
E12000008,South East,region,2021-04-11,21145
E12000008,South East,region,2021-04-10,21141
E12000008,South East,region,2021-04-09,21139
E12000008,South East,region,2021-04-08,21139
E12000008,South East,region,2021-04-07,21131
E12000008,South East,region,2021-04-06,21125
E12000008,South East,region,2021-04-05,21118
E12000008,South East,region,2021-04-04,21113
E12000008,South East,region,2021-04-03,21107
E12000008,South East,region,2021-04-02,21102
E12000008,South East,region,2021-04-01,21094
E12000008,South East,region,2021-03-31,21085
E12000008,South East,region,2021-03-30,21075
E12000008,South East,region,2021-03-29,21067
E12000008,South East,region,2021-03-28,21056
E12000008,South East,region,2021-03-27,21052
E12000008,South East,region,2021-03-26,21045
E12000008,South East,region,2021-03-25,21035
E12000008,South East,region,2021-03-24,21026
E12000008,South East,region,2021-03-23,21018
E12000008,South East,region,2021-03-22,21009
E12000008,South East,region,2021-03-21,20994
E12000008,South East,region,2021-03-20,20983
E12000008,South East,region,2021-03-19,20971
E12000008,South East,region,2021-03-18,20954
E12000008,South East,region,2021-03-17,20941
E12000008,South East,region,2021-03-16,20928
E12000008,South East,region,2021-03-15,20908
E12000008,South East,region,2021-03-14,20885
E12000008,South East,region,2021-03-13,20863
E12000008,South East,region,2021-03-12,20843
E12000008,South East,region,2021-03-11,20825
E12000008,South East,region,2021-03-10,20799
E12000008,South East,region,2021-03-09,20782
E12000008,South East,region,2021-03-08,20753
E12000008,South East,region,2021-03-07,20732
E12000008,South East,region,2021-03-06,20705
E12000008,South East,region,2021-03-05,20682
E12000008,South East,region,2021-03-04,20644
E12000008,South East,region,2021-03-03,20599
E12000008,South East,region,2021-03-02,20574
E12000008,South East,region,2021-03-01,20536
E12000008,South East,region,2021-02-28,20493
E12000008,South East,region,2021-02-27,20464
E12000008,South East,region,2021-02-26,20421
E12000008,South East,region,2021-02-25,20382
E12000008,South East,region,2021-02-24,20329
E12000008,South East,region,2021-02-23,20282
E12000008,South East,region,2021-02-22,20227
E12000008,South East,region,2021-02-21,20167
E12000008,South East,region,2021-02-20,20116
E12000008,South East,region,2021-02-19,20043
E12000008,South East,region,2021-02-18,19984
E12000008,South East,region,2021-02-17,19908
E12000008,South East,region,2021-02-16,19840
E12000008,South East,region,2021-02-15,19762
E12000008,South East,region,2021-02-14,19671
E12000008,South East,region,2021-02-13,19588
E12000008,South East,region,2021-02-12,19510
E12000008,South East,region,2021-02-11,19438
E12000008,South East,region,2021-02-10,19339
E12000008,South East,region,2021-02-09,19236
E12000008,South East,region,2021-02-08,19141
E12000008,South East,region,2021-02-07,19028
E12000008,South East,region,2021-02-06,18922
E12000008,South East,region,2021-02-05,18789
E12000008,South East,region,2021-02-04,18662
E12000008,South East,region,2021-02-03,18555
E12000008,South East,region,2021-02-02,18402
E12000008,South East,region,2021-02-01,18246
E12000008,South East,region,2021-01-31,18082
E12000008,South East,region,2021-01-30,17930
E12000008,South East,region,2021-01-29,17740
E12000008,South East,region,2021-01-28,17551
E12000008,South East,region,2021-01-27,17324
E12000008,South East,region,2021-01-26,17093
E12000008,South East,region,2021-01-25,16875
E12000008,South East,region,2021-01-24,16641
E12000008,South East,region,2021-01-23,16440
E12000008,South East,region,2021-01-22,16202
E12000008,South East,region,2021-01-21,15962
E12000008,South East,region,2021-01-20,15716
E12000008,South East,region,2021-01-19,15468
E12000008,South East,region,2021-01-18,15174
E12000008,South East,region,2021-01-17,14881
E12000008,South East,region,2021-01-16,14607
E12000008,South East,region,2021-01-15,14336
E12000008,South East,region,2021-01-14,14095
E12000008,South East,region,2021-01-13,13830
E12000008,South East,region,2021-01-12,13587
E12000008,South East,region,2021-01-11,13309
E12000008,South East,region,2021-01-10,13091
E12000008,South East,region,2021-01-09,12888
E12000008,South East,region,2021-01-08,12692
E12000008,South East,region,2021-01-07,12490
E12000008,South East,region,2021-01-06,12289
E12000008,South East,region,2021-01-05,12083
E12000008,South East,region,2021-01-04,11917
E12000008,South East,region,2021-01-03,11744
E12000008,South East,region,2021-01-02,11597
E12000008,South East,region,2021-01-01,11450
E12000008,South East,region,2020-12-31,11323
E12000008,South East,region,2020-12-30,11166
E12000008,South East,region,2020-12-29,11025
E12000008,South East,region,2020-12-28,10897
E12000008,South East,region,2020-12-27,10771
E12000008,South East,region,2020-12-26,10633
E12000008,South East,region,2020-12-25,10523
E12000008,South East,region,2020-12-24,10396
E12000008,South East,region,2020-12-23,10291
E12000008,South East,region,2020-12-22,10189
E12000008,South East,region,2020-12-21,10076
E12000008,South East,region,2020-12-20,9971
E12000008,South East,region,2020-12-19,9875
E12000008,South East,region,2020-12-18,9787
E12000008,South East,region,2020-12-17,9719
E12000008,South East,region,2020-12-16,9634
E12000008,South East,region,2020-12-15,9555
E12000008,South East,region,2020-12-14,9485
E12000008,South East,region,2020-12-13,9426
E12000008,South East,region,2020-12-12,9352
E12000008,South East,region,2020-12-11,9294
E12000008,South East,region,2020-12-10,9224
E12000008,South East,region,2020-12-09,9163
E12000008,South East,region,2020-12-08,9105
E12000008,South East,region,2020-12-07,9042
E12000008,South East,region,2020-12-06,9005
E12000008,South East,region,2020-12-05,8962
E12000008,South East,region,2020-12-04,8918
E12000008,South East,region,2020-12-03,8862
E12000008,South East,region,2020-12-02,8805
E12000008,South East,region,2020-12-01,8766
E12000008,South East,region,2020-11-30,8717
E12000008,South East,region,2020-11-29,8682
E12000008,South East,region,2020-11-28,8637
E12000008,South East,region,2020-11-27,8602
E12000008,South East,region,2020-11-26,8562
E12000008,South East,region,2020-11-25,8517
E12000008,South East,region,2020-11-24,8466
E12000008,South East,region,2020-11-23,8435
E12000008,South East,region,2020-11-22,8378
E12000008,South East,region,2020-11-21,8340
E12000008,South East,region,2020-11-20,8308
E12000008,South East,region,2020-11-19,8278
E12000008,South East,region,2020-11-18,8242
E12000008,South East,region,2020-11-17,8198
E12000008,South East,region,2020-11-16,8166
E12000008,South East,region,2020-11-15,8135
E12000008,South East,region,2020-11-14,8104
E12000008,South East,region,2020-11-13,8074
E12000008,South East,region,2020-11-12,8044
E12000008,South East,region,2020-11-11,8021
E12000008,South East,region,2020-11-10,7999
E12000008,South East,region,2020-11-09,7974
E12000008,South East,region,2020-11-08,7941
E12000008,South East,region,2020-11-07,7917
E12000008,South East,region,2020-11-06,7898
E12000008,South East,region,2020-11-05,7877
E12000008,South East,region,2020-11-04,7860
E12000008,South East,region,2020-11-03,7843
E12000008,South East,region,2020-11-02,7824
E12000008,South East,region,2020-11-01,7805
E12000008,South East,region,2020-10-31,7784
E12000008,South East,region,2020-10-30,7760
E12000008,South East,region,2020-10-29,7750
E12000008,South East,region,2020-10-28,7739
E12000008,South East,region,2020-10-27,7725
E12000008,South East,region,2020-10-26,7719
E12000008,South East,region,2020-10-25,7704
E12000008,South East,region,2020-10-24,7692
E12000008,South East,region,2020-10-23,7681
E12000008,South East,region,2020-10-22,7674
E12000008,South East,region,2020-10-21,7664
E12000008,South East,region,2020-10-20,7650
E12000008,South East,region,2020-10-19,7640
E12000008,South East,region,2020-10-18,7630
E12000008,South East,region,2020-10-17,7625
E12000008,South East,region,2020-10-16,7619
E12000008,South East,region,2020-10-15,7616
E12000008,South East,region,2020-10-14,7610
E12000008,South East,region,2020-10-13,7605
E12000008,South East,region,2020-10-12,7599
E12000008,South East,region,2020-10-11,7592
E12000008,South East,region,2020-10-10,7587
E12000008,South East,region,2020-10-09,7583
E12000008,South East,region,2020-10-08,7580
E12000008,South East,region,2020-10-07,7575
E12000008,South East,region,2020-10-06,7571
E12000008,South East,region,2020-10-05,7570
E12000008,South East,region,2020-10-04,7569
E12000008,South East,region,2020-10-03,7567
E12000008,South East,region,2020-10-02,7565
E12000008,South East,region,2020-10-01,7560
E12000008,South East,region,2020-09-30,7554
E12000008,South East,region,2020-09-29,7551
E12000008,South East,region,2020-09-28,7547
E12000008,South East,region,2020-09-27,7541
E12000008,South East,region,2020-09-26,7538
E12000008,South East,region,2020-09-25,7533
E12000008,South East,region,2020-09-24,7528
E12000008,South East,region,2020-09-23,7527
E12000008,South East,region,2020-09-22,7525
E12000008,South East,region,2020-09-21,7525
E12000008,South East,region,2020-09-20,7523
E12000008,South East,region,2020-09-19,7522
E12000008,South East,region,2020-09-18,7520
E12000008,South East,region,2020-09-17,7518
E12000008,South East,region,2020-09-16,7515
E12000008,South East,region,2020-09-15,7512
E12000008,South East,region,2020-09-14,7509
E12000008,South East,region,2020-09-13,7508
E12000008,South East,region,2020-09-12,7505
E12000008,South East,region,2020-09-11,7503
E12000008,South East,region,2020-09-10,7503
E12000008,South East,region,2020-09-09,7501
E12000008,South East,region,2020-09-08,7501
E12000008,South East,region,2020-09-07,7501
E12000008,South East,region,2020-09-06,7501
E12000008,South East,region,2020-09-05,7500
E12000008,South East,region,2020-09-04,7500
E12000008,South East,region,2020-09-03,7497
E12000008,South East,region,2020-09-02,7497
E12000008,South East,region,2020-09-01,7495
E12000008,South East,region,2020-08-31,7493
E12000008,South East,region,2020-08-30,7487
E12000008,South East,region,2020-08-29,7486
E12000008,South East,region,2020-08-28,7485
E12000008,South East,region,2020-08-27,7482
E12000008,South East,region,2020-08-26,7480
E12000008,South East,region,2020-08-25,7478
E12000008,South East,region,2020-08-24,7476
E12000008,South East,region,2020-08-23,7475
E12000008,South East,region,2020-08-22,7474
E12000008,South East,region,2020-08-21,7473
E12000008,South East,region,2020-08-20,7472
E12000008,South East,region,2020-08-19,7471
E12000008,South East,region,2020-08-18,7470
E12000008,South East,region,2020-08-17,7467
E12000008,South East,region,2020-08-16,7467
E12000008,South East,region,2020-08-15,7465
E12000008,South East,region,2020-08-14,7463
E12000008,South East,region,2020-08-13,7460
E12000008,South East,region,2020-08-12,7456
E12000008,South East,region,2020-08-11,7452
E12000008,South East,region,2020-08-10,7449
E12000008,South East,region,2020-08-09,7439
E12000008,South East,region,2020-08-08,7437
E12000008,South East,region,2020-08-07,7433
E12000008,South East,region,2020-08-06,7428
E12000008,South East,region,2020-08-05,7425
E12000008,South East,region,2020-08-04,7423
E12000008,South East,region,2020-08-03,7421
E12000008,South East,region,2020-08-02,7419
E12000008,South East,region,2020-08-01,7414
E12000008,South East,region,2020-07-31,7411
E12000008,South East,region,2020-07-30,7403
E12000008,South East,region,2020-07-29,7400
E12000008,South East,region,2020-07-28,7395
E12000008,South East,region,2020-07-27,7390
E12000008,South East,region,2020-07-26,7389
E12000008,South East,region,2020-07-25,7382
E12000008,South East,region,2020-07-24,7379
E12000008,South East,region,2020-07-23,7377
E12000008,South East,region,2020-07-22,7369
E12000008,South East,region,2020-07-21,7365
E12000008,South East,region,2020-07-20,7356
E12000008,South East,region,2020-07-19,7347
E12000008,South East,region,2020-07-18,7341
E12000008,South East,region,2020-07-17,7335
E12000008,South East,region,2020-07-16,7332
E12000008,South East,region,2020-07-15,7329
E12000008,South East,region,2020-07-14,7319
E12000008,South East,region,2020-07-13,7309
E12000008,South East,region,2020-07-12,7301
E12000008,South East,region,2020-07-11,7296
E12000008,South East,region,2020-07-10,7286
E12000008,South East,region,2020-07-09,7276
E12000008,South East,region,2020-07-08,7265
E12000008,South East,region,2020-07-07,7254
E12000008,South East,region,2020-07-06,7247
E12000008,South East,region,2020-07-05,7237
E12000008,South East,region,2020-07-04,7230
E12000008,South East,region,2020-07-03,7219
E12000008,South East,region,2020-07-02,7211
E12000008,South East,region,2020-07-01,7202
E12000008,South East,region,2020-06-30,7193
E12000008,South East,region,2020-06-29,7182
E12000008,South East,region,2020-06-28,7172
E12000008,South East,region,2020-06-27,7161
E12000008,South East,region,2020-06-26,7149
E12000008,South East,region,2020-06-25,7137
E12000008,South East,region,2020-06-24,7120
E12000008,South East,region,2020-06-23,7104
E12000008,South East,region,2020-06-22,7096
E12000008,South East,region,2020-06-21,7087
E12000008,South East,region,2020-06-20,7074
E12000008,South East,region,2020-06-19,7064
E12000008,South East,region,2020-06-18,7054
E12000008,South East,region,2020-06-17,7044
E12000008,South East,region,2020-06-16,7027
E12000008,South East,region,2020-06-15,7006
E12000008,South East,region,2020-06-14,6994
E12000008,South East,region,2020-06-13,6981
E12000008,South East,region,2020-06-12,6960
E12000008,South East,region,2020-06-11,6946
E12000008,South East,region,2020-06-10,6930
E12000008,South East,region,2020-06-09,6907
E12000008,South East,region,2020-06-08,6884
E12000008,South East,region,2020-06-07,6868
E12000008,South East,region,2020-06-06,6848
E12000008,South East,region,2020-06-05,6831
E12000008,South East,region,2020-06-04,6804
E12000008,South East,region,2020-06-03,6775
E12000008,South East,region,2020-06-02,6749
E12000008,South East,region,2020-06-01,6719
E12000008,South East,region,2020-05-31,6692
E12000008,South East,region,2020-05-30,6668
E12000008,South East,region,2020-05-29,6640
E12000008,South East,region,2020-05-28,6601
E12000008,South East,region,2020-05-27,6568
E12000008,South East,region,2020-05-26,6533
E12000008,South East,region,2020-05-25,6491
E12000008,South East,region,2020-05-24,6463
E12000008,South East,region,2020-05-23,6427
E12000008,South East,region,2020-05-22,6386
E12000008,South East,region,2020-05-21,6338
E12000008,South East,region,2020-05-20,6307
E12000008,South East,region,2020-05-19,6255
E12000008,South East,region,2020-05-18,6208
E12000008,South East,region,2020-05-17,6152
E12000008,South East,region,2020-05-16,6099
E12000008,South East,region,2020-05-15,6047
E12000008,South East,region,2020-05-14,5981
E12000008,South East,region,2020-05-13,5916
E12000008,South East,region,2020-05-12,5851
E12000008,South East,region,2020-05-11,5784
E12000008,South East,region,2020-05-10,5725
E12000008,South East,region,2020-05-09,5665
E12000008,South East,region,2020-05-08,5574
E12000008,South East,region,2020-05-07,5497
E12000008,South East,region,2020-05-06,5426
E12000008,South East,region,2020-05-05,5355
E12000008,South East,region,2020-05-04,5274
E12000008,South East,region,2020-05-03,5192
E12000008,South East,region,2020-05-02,5121
E12000008,South East,region,2020-05-01,5037
E12000008,South East,region,2020-04-30,4919
E12000008,South East,region,2020-04-29,4832
E12000008,South East,region,2020-04-28,4715
E12000008,South East,region,2020-04-27,4608
E12000008,South East,region,2020-04-26,4500
E12000008,South East,region,2020-04-25,4379
E12000008,South East,region,2020-04-24,4234
E12000008,South East,region,2020-04-23,4081
E12000008,South East,region,2020-04-22,3928
E12000008,South East,region,2020-04-21,3779
E12000008,South East,region,2020-04-20,3631
E12000008,South East,region,2020-04-19,3449
E12000008,South East,region,2020-04-18,3284
E12000008,South East,region,2020-04-17,3146
E12000008,South East,region,2020-04-16,2988
E12000008,South East,region,2020-04-15,2811
E12000008,South East,region,2020-04-14,2653
E12000008,South East,region,2020-04-13,2503
E12000008,South East,region,2020-04-12,2344
E12000008,South East,region,2020-04-11,2179
E12000008,South East,region,2020-04-10,2008
E12000008,South East,region,2020-04-09,1834
E12000008,South East,region,2020-04-08,1640
E12000008,South East,region,2020-04-07,1478
E12000008,South East,region,2020-04-06,1324
E12000008,South East,region,2020-04-05,1184
E12000008,South East,region,2020-04-04,1048
E12000008,South East,region,2020-04-03,903
E12000008,South East,region,2020-04-02,797
E12000008,South East,region,2020-04-01,694
E12000008,South East,region,2020-03-31,597
E12000008,South East,region,2020-03-30,511
E12000008,South East,region,2020-03-29,426
E12000008,South East,region,2020-03-28,361
E12000008,South East,region,2020-03-27,314
E12000008,South East,region,2020-03-26,261
E12000008,South East,region,2020-03-25,213
E12000008,South East,region,2020-03-24,174
E12000008,South East,region,2020-03-23,143
E12000008,South East,region,2020-03-22,116
E12000008,South East,region,2020-03-21,85
E12000008,South East,region,2020-03-20,70
E12000008,South East,region,2020-03-19,54
E12000008,South East,region,2020-03-18,45
E12000008,South East,region,2020-03-17,32
E12000008,South East,region,2020-03-16,25
E12000008,South East,region,2020-03-15,16
E12000008,South East,region,2020-03-14,9
E12000008,South East,region,2020-03-13,6
E12000008,South East,region,2020-03-12,4
E12000008,South East,region,2020-03-11,4
E12000008,South East,region,2020-03-10,4
E12000008,South East,region,2020-03-09,4
E12000008,South East,region,2020-03-08,3
E12000008,South East,region,2020-03-07,3
E12000008,South East,region,2020-03-06,3
E12000008,South East,region,2020-03-05,3
E12000008,South East,region,2020-03-04,1
E12000008,South East,region,2020-03-03,1
E12000008,South East,region,2020-03-02,1
E12000008,South East,region,2020-03-01,1
E12000008,South East,region,2020-02-29,1
E12000008,South East,region,2020-02-28,1
E12000008,South East,region,2020-02-27,1
E12000008,South East,region,2020-02-26,1
E12000008,South East,region,2020-02-25,1
E12000008,South East,region,2020-02-24,1
E12000008,South East,region,2020-02-23,1
E12000008,South East,region,2020-02-22,1
E12000008,South East,region,2020-02-21,1
E12000008,South East,region,2020-02-20,1
E12000008,South East,region,2020-02-19,1
E12000008,South East,region,2020-02-18,1
E12000008,South East,region,2020-02-17,1
E12000008,South East,region,2020-02-16,1
E12000008,South East,region,2020-02-15,1
E12000008,South East,region,2020-02-14,1
E12000008,South East,region,2020-02-13,1
E12000008,South East,region,2020-02-12,1
E12000008,South East,region,2020-02-11,1
E12000008,South East,region,2020-02-10,1
E12000008,South East,region,2020-02-09,1
E12000008,South East,region,2020-02-08,1
E12000008,South East,region,2020-02-07,1
E12000008,South East,region,2020-02-06,1
E12000008,South East,region,2020-02-05,1
E12000008,South East,region,2020-02-04,1
E12000008,South East,region,2020-02-03,1
E12000008,South East,region,2020-02-02,1
E12000008,South East,region,2020-02-01,1
E12000008,South East,region,2020-01-31,1
E12000008,South East,region,2020-01-30,1
E12000009,South West,region,2022-12-02,12875
E12000009,South West,region,2022-12-01,12874
E12000009,South West,region,2022-11-30,12867
E12000009,South West,region,2022-11-29,12864
E12000009,South West,region,2022-11-28,12862
E12000009,South West,region,2022-11-27,12860
E12000009,South West,region,2022-11-26,12857
E12000009,South West,region,2022-11-25,12854
E12000009,South West,region,2022-11-24,12849
E12000009,South West,region,2022-11-23,12846
E12000009,South West,region,2022-11-22,12843
E12000009,South West,region,2022-11-21,12840
E12000009,South West,region,2022-11-20,12833
E12000009,South West,region,2022-11-19,12831
E12000009,South West,region,2022-11-18,12829
E12000009,South West,region,2022-11-17,12821
E12000009,South West,region,2022-11-16,12818
E12000009,South West,region,2022-11-15,12816
E12000009,South West,region,2022-11-14,12814
E12000009,South West,region,2022-11-13,12809
E12000009,South West,region,2022-11-12,12807
E12000009,South West,region,2022-11-11,12802
E12000009,South West,region,2022-11-10,12796
E12000009,South West,region,2022-11-09,12792
E12000009,South West,region,2022-11-08,12785
E12000009,South West,region,2022-11-07,12778
E12000009,South West,region,2022-11-06,12774
E12000009,South West,region,2022-11-05,12765
E12000009,South West,region,2022-11-04,12759
E12000009,South West,region,2022-11-03,12751
E12000009,South West,region,2022-11-02,12746
E12000009,South West,region,2022-11-01,12741
E12000009,South West,region,2022-10-31,12735
E12000009,South West,region,2022-10-30,12732
E12000009,South West,region,2022-10-29,12725
E12000009,South West,region,2022-10-28,12718
E12000009,South West,region,2022-10-27,12711
E12000009,South West,region,2022-10-26,12704
E12000009,South West,region,2022-10-25,12691
E12000009,South West,region,2022-10-24,12679
E12000009,South West,region,2022-10-23,12671
E12000009,South West,region,2022-10-22,12664
E12000009,South West,region,2022-10-21,12649
E12000009,South West,region,2022-10-20,12641
E12000009,South West,region,2022-10-19,12632
E12000009,South West,region,2022-10-18,12623
E12000009,South West,region,2022-10-17,12617
E12000009,South West,region,2022-10-16,12605
E12000009,South West,region,2022-10-15,12599
E12000009,South West,region,2022-10-14,12589
E12000009,South West,region,2022-10-13,12581
E12000009,South West,region,2022-10-12,12566
E12000009,South West,region,2022-10-11,12558
E12000009,South West,region,2022-10-10,12553
E12000009,South West,region,2022-10-09,12543
E12000009,South West,region,2022-10-08,12535
E12000009,South West,region,2022-10-07,12534
E12000009,South West,region,2022-10-06,12527
E12000009,South West,region,2022-10-05,12522
E12000009,South West,region,2022-10-04,12512
E12000009,South West,region,2022-10-03,12505
E12000009,South West,region,2022-10-02,12499
E12000009,South West,region,2022-10-01,12494
E12000009,South West,region,2022-09-30,12488
E12000009,South West,region,2022-09-29,12486
E12000009,South West,region,2022-09-28,12482
E12000009,South West,region,2022-09-27,12476
E12000009,South West,region,2022-09-26,12474
E12000009,South West,region,2022-09-25,12470
E12000009,South West,region,2022-09-24,12463
E12000009,South West,region,2022-09-23,12459
E12000009,South West,region,2022-09-22,12452
E12000009,South West,region,2022-09-21,12448
E12000009,South West,region,2022-09-20,12445
E12000009,South West,region,2022-09-19,12438
E12000009,South West,region,2022-09-18,12432
E12000009,South West,region,2022-09-17,12428
E12000009,South West,region,2022-09-16,12425
E12000009,South West,region,2022-09-15,12424
E12000009,South West,region,2022-09-14,12422
E12000009,South West,region,2022-09-13,12420
E12000009,South West,region,2022-09-12,12416
E12000009,South West,region,2022-09-11,12415
E12000009,South West,region,2022-09-10,12414
E12000009,South West,region,2022-09-09,12411
E12000009,South West,region,2022-09-08,12411
E12000009,South West,region,2022-09-07,12405
E12000009,South West,region,2022-09-06,12401
E12000009,South West,region,2022-09-05,12399
E12000009,South West,region,2022-09-04,12397
E12000009,South West,region,2022-09-03,12396
E12000009,South West,region,2022-09-02,12394
E12000009,South West,region,2022-09-01,12390
E12000009,South West,region,2022-08-31,12388
E12000009,South West,region,2022-08-30,12383
E12000009,South West,region,2022-08-29,12381
E12000009,South West,region,2022-08-28,12375
E12000009,South West,region,2022-08-27,12366
E12000009,South West,region,2022-08-26,12361
E12000009,South West,region,2022-08-25,12357
E12000009,South West,region,2022-08-24,12351
E12000009,South West,region,2022-08-23,12347
E12000009,South West,region,2022-08-22,12341
E12000009,South West,region,2022-08-21,12335
E12000009,South West,region,2022-08-20,12327
E12000009,South West,region,2022-08-19,12321
E12000009,South West,region,2022-08-18,12313
E12000009,South West,region,2022-08-17,12313
E12000009,South West,region,2022-08-16,12309
E12000009,South West,region,2022-08-15,12308
E12000009,South West,region,2022-08-14,12303
E12000009,South West,region,2022-08-13,12297
E12000009,South West,region,2022-08-12,12290
E12000009,South West,region,2022-08-11,12278
E12000009,South West,region,2022-08-10,12273
E12000009,South West,region,2022-08-09,12269
E12000009,South West,region,2022-08-08,12259
E12000009,South West,region,2022-08-07,12250
E12000009,South West,region,2022-08-06,12243
E12000009,South West,region,2022-08-05,12238
E12000009,South West,region,2022-08-04,12232
E12000009,South West,region,2022-08-03,12228
E12000009,South West,region,2022-08-02,12219
E12000009,South West,region,2022-08-01,12209
E12000009,South West,region,2022-07-31,12201
E12000009,South West,region,2022-07-30,12194
E12000009,South West,region,2022-07-29,12188
E12000009,South West,region,2022-07-28,12178
E12000009,South West,region,2022-07-27,12170
E12000009,South West,region,2022-07-26,12165
E12000009,South West,region,2022-07-25,12162
E12000009,South West,region,2022-07-24,12155
E12000009,South West,region,2022-07-23,12144
E12000009,South West,region,2022-07-22,12135
E12000009,South West,region,2022-07-21,12125
E12000009,South West,region,2022-07-20,12112
E12000009,South West,region,2022-07-19,12093
E12000009,South West,region,2022-07-18,12079
E12000009,South West,region,2022-07-17,12074
E12000009,South West,region,2022-07-16,12062
E12000009,South West,region,2022-07-15,12047
E12000009,South West,region,2022-07-14,12037
E12000009,South West,region,2022-07-13,12022
E12000009,South West,region,2022-07-12,12010
E12000009,South West,region,2022-07-11,11994
E12000009,South West,region,2022-07-10,11983
E12000009,South West,region,2022-07-09,11973
E12000009,South West,region,2022-07-08,11966
E12000009,South West,region,2022-07-07,11960
E12000009,South West,region,2022-07-06,11952
E12000009,South West,region,2022-07-05,11943
E12000009,South West,region,2022-07-04,11934
E12000009,South West,region,2022-07-03,11927
E12000009,South West,region,2022-07-02,11922
E12000009,South West,region,2022-07-01,11915
E12000009,South West,region,2022-06-30,11910
E12000009,South West,region,2022-06-29,11904
E12000009,South West,region,2022-06-28,11898
E12000009,South West,region,2022-06-27,11893
E12000009,South West,region,2022-06-26,11889
E12000009,South West,region,2022-06-25,11885
E12000009,South West,region,2022-06-24,11875
E12000009,South West,region,2022-06-23,11871
E12000009,South West,region,2022-06-22,11866
E12000009,South West,region,2022-06-21,11864
E12000009,South West,region,2022-06-20,11861
E12000009,South West,region,2022-06-19,11856
E12000009,South West,region,2022-06-18,11852
E12000009,South West,region,2022-06-17,11850
E12000009,South West,region,2022-06-16,11846
E12000009,South West,region,2022-06-15,11843
E12000009,South West,region,2022-06-14,11836
E12000009,South West,region,2022-06-13,11836
E12000009,South West,region,2022-06-12,11834
E12000009,South West,region,2022-06-11,11831
E12000009,South West,region,2022-06-10,11828
E12000009,South West,region,2022-06-09,11824
E12000009,South West,region,2022-06-08,11823
E12000009,South West,region,2022-06-07,11819
E12000009,South West,region,2022-06-06,11817
E12000009,South West,region,2022-06-05,11812
E12000009,South West,region,2022-06-04,11809
E12000009,South West,region,2022-06-03,11809
E12000009,South West,region,2022-06-02,11806
E12000009,South West,region,2022-06-01,11802
E12000009,South West,region,2022-05-31,11799
E12000009,South West,region,2022-05-30,11795
E12000009,South West,region,2022-05-29,11791
E12000009,South West,region,2022-05-28,11789
E12000009,South West,region,2022-05-27,11783
E12000009,South West,region,2022-05-26,11782
E12000009,South West,region,2022-05-25,11778
E12000009,South West,region,2022-05-24,11774
E12000009,South West,region,2022-05-23,11772
E12000009,South West,region,2022-05-22,11768
E12000009,South West,region,2022-05-21,11763
E12000009,South West,region,2022-05-20,11758
E12000009,South West,region,2022-05-19,11757
E12000009,South West,region,2022-05-18,11755
E12000009,South West,region,2022-05-17,11754
E12000009,South West,region,2022-05-16,11751
E12000009,South West,region,2022-05-15,11743
E12000009,South West,region,2022-05-14,11740
E12000009,South West,region,2022-05-13,11738
E12000009,South West,region,2022-05-12,11729
E12000009,South West,region,2022-05-11,11724
E12000009,South West,region,2022-05-10,11721
E12000009,South West,region,2022-05-09,11711
E12000009,South West,region,2022-05-08,11707
E12000009,South West,region,2022-05-07,11702
E12000009,South West,region,2022-05-06,11699
E12000009,South West,region,2022-05-05,11693
E12000009,South West,region,2022-05-04,11686
E12000009,South West,region,2022-05-03,11676
E12000009,South West,region,2022-05-02,11666
E12000009,South West,region,2022-05-01,11661
E12000009,South West,region,2022-04-30,11654
E12000009,South West,region,2022-04-29,11645
E12000009,South West,region,2022-04-28,11637
E12000009,South West,region,2022-04-27,11623
E12000009,South West,region,2022-04-26,11604
E12000009,South West,region,2022-04-25,11592
E12000009,South West,region,2022-04-24,11584
E12000009,South West,region,2022-04-23,11577
E12000009,South West,region,2022-04-22,11557
E12000009,South West,region,2022-04-21,11546
E12000009,South West,region,2022-04-20,11525
E12000009,South West,region,2022-04-19,11508
E12000009,South West,region,2022-04-18,11493
E12000009,South West,region,2022-04-17,11464
E12000009,South West,region,2022-04-16,11444
E12000009,South West,region,2022-04-15,11432
E12000009,South West,region,2022-04-14,11407
E12000009,South West,region,2022-04-13,11391
E12000009,South West,region,2022-04-12,11369
E12000009,South West,region,2022-04-11,11352
E12000009,South West,region,2022-04-10,11327
E12000009,South West,region,2022-04-09,11302
E12000009,South West,region,2022-04-08,11285
E12000009,South West,region,2022-04-07,11253
E12000009,South West,region,2022-04-06,11228
E12000009,South West,region,2022-04-05,11209
E12000009,South West,region,2022-04-04,11185
E12000009,South West,region,2022-04-03,11155
E12000009,South West,region,2022-04-02,11128
E12000009,South West,region,2022-04-01,11101
E12000009,South West,region,2022-03-31,11081
E12000009,South West,region,2022-03-30,11053
E12000009,South West,region,2022-03-29,11031
E12000009,South West,region,2022-03-28,11008
E12000009,South West,region,2022-03-27,10993
E12000009,South West,region,2022-03-26,10969
E12000009,South West,region,2022-03-25,10949
E12000009,South West,region,2022-03-24,10933
E12000009,South West,region,2022-03-23,10918
E12000009,South West,region,2022-03-22,10894
E12000009,South West,region,2022-03-21,10880
E12000009,South West,region,2022-03-20,10863
E12000009,South West,region,2022-03-19,10848
E12000009,South West,region,2022-03-18,10831
E12000009,South West,region,2022-03-17,10815
E12000009,South West,region,2022-03-16,10795
E12000009,South West,region,2022-03-15,10784
E12000009,South West,region,2022-03-14,10768
E12000009,South West,region,2022-03-13,10752
E12000009,South West,region,2022-03-12,10744
E12000009,South West,region,2022-03-11,10729
E12000009,South West,region,2022-03-10,10715
E12000009,South West,region,2022-03-09,10700
E12000009,South West,region,2022-03-08,10694
E12000009,South West,region,2022-03-07,10679
E12000009,South West,region,2022-03-06,10670
E12000009,South West,region,2022-03-05,10663
E12000009,South West,region,2022-03-04,10655
E12000009,South West,region,2022-03-03,10645
E12000009,South West,region,2022-03-02,10639
E12000009,South West,region,2022-03-01,10634
E12000009,South West,region,2022-02-28,10630
E12000009,South West,region,2022-02-27,10622
E12000009,South West,region,2022-02-26,10610
E12000009,South West,region,2022-02-25,10602
E12000009,South West,region,2022-02-24,10593
E12000009,South West,region,2022-02-23,10582
E12000009,South West,region,2022-02-22,10573
E12000009,South West,region,2022-02-21,10558
E12000009,South West,region,2022-02-20,10550
E12000009,South West,region,2022-02-19,10535
E12000009,South West,region,2022-02-18,10524
E12000009,South West,region,2022-02-17,10518
E12000009,South West,region,2022-02-16,10504
E12000009,South West,region,2022-02-15,10487
E12000009,South West,region,2022-02-14,10480
E12000009,South West,region,2022-02-13,10468
E12000009,South West,region,2022-02-12,10460
E12000009,South West,region,2022-02-11,10451
E12000009,South West,region,2022-02-10,10439
E12000009,South West,region,2022-02-09,10430
E12000009,South West,region,2022-02-08,10415
E12000009,South West,region,2022-02-07,10405
E12000009,South West,region,2022-02-06,10396
E12000009,South West,region,2022-02-05,10375
E12000009,South West,region,2022-02-04,10363
E12000009,South West,region,2022-02-03,10350
E12000009,South West,region,2022-02-02,10327
E12000009,South West,region,2022-02-01,10312
E12000009,South West,region,2022-01-31,10302
E12000009,South West,region,2022-01-30,10289
E12000009,South West,region,2022-01-29,10267
E12000009,South West,region,2022-01-28,10255
E12000009,South West,region,2022-01-27,10241
E12000009,South West,region,2022-01-26,10228
E12000009,South West,region,2022-01-25,10216
E12000009,South West,region,2022-01-24,10196
E12000009,South West,region,2022-01-23,10180
E12000009,South West,region,2022-01-22,10165
E12000009,South West,region,2022-01-21,10158
E12000009,South West,region,2022-01-20,10147
E12000009,South West,region,2022-01-19,10136
E12000009,South West,region,2022-01-18,10122
E12000009,South West,region,2022-01-17,10114
E12000009,South West,region,2022-01-16,10100
E12000009,South West,region,2022-01-15,10085
E12000009,South West,region,2022-01-14,10071
E12000009,South West,region,2022-01-13,10059
E12000009,South West,region,2022-01-12,10050
E12000009,South West,region,2022-01-11,10033
E12000009,South West,region,2022-01-10,10024
E12000009,South West,region,2022-01-09,10011
E12000009,South West,region,2022-01-08,9996
E12000009,South West,region,2022-01-07,9984
E12000009,South West,region,2022-01-06,9969
E12000009,South West,region,2022-01-05,9959
E12000009,South West,region,2022-01-04,9948
E12000009,South West,region,2022-01-03,9940
E12000009,South West,region,2022-01-02,9922
E12000009,South West,region,2022-01-01,9915
E12000009,South West,region,2021-12-31,9905
E12000009,South West,region,2021-12-30,9894
E12000009,South West,region,2021-12-29,9878
E12000009,South West,region,2021-12-28,9868
E12000009,South West,region,2021-12-27,9853
E12000009,South West,region,2021-12-26,9846
E12000009,South West,region,2021-12-25,9837
E12000009,South West,region,2021-12-24,9831
E12000009,South West,region,2021-12-23,9826
E12000009,South West,region,2021-12-22,9816
E12000009,South West,region,2021-12-21,9807
E12000009,South West,region,2021-12-20,9799
E12000009,South West,region,2021-12-19,9791
E12000009,South West,region,2021-12-18,9780
E12000009,South West,region,2021-12-17,9770
E12000009,South West,region,2021-12-16,9755
E12000009,South West,region,2021-12-15,9741
E12000009,South West,region,2021-12-14,9729
E12000009,South West,region,2021-12-13,9714
E12000009,South West,region,2021-12-12,9705
E12000009,South West,region,2021-12-11,9692
E12000009,South West,region,2021-12-10,9684
E12000009,South West,region,2021-12-09,9673
E12000009,South West,region,2021-12-08,9663
E12000009,South West,region,2021-12-07,9647
E12000009,South West,region,2021-12-06,9642
E12000009,South West,region,2021-12-05,9634
E12000009,South West,region,2021-12-04,9622
E12000009,South West,region,2021-12-03,9612
E12000009,South West,region,2021-12-02,9606
E12000009,South West,region,2021-12-01,9602
E12000009,South West,region,2021-11-30,9588
E12000009,South West,region,2021-11-29,9581
E12000009,South West,region,2021-11-28,9571
E12000009,South West,region,2021-11-27,9560
E12000009,South West,region,2021-11-26,9549
E12000009,South West,region,2021-11-25,9542
E12000009,South West,region,2021-11-24,9530
E12000009,South West,region,2021-11-23,9523
E12000009,South West,region,2021-11-22,9508
E12000009,South West,region,2021-11-21,9495
E12000009,South West,region,2021-11-20,9481
E12000009,South West,region,2021-11-19,9472
E12000009,South West,region,2021-11-18,9463
E12000009,South West,region,2021-11-17,9454
E12000009,South West,region,2021-11-16,9446
E12000009,South West,region,2021-11-15,9433
E12000009,South West,region,2021-11-14,9417
E12000009,South West,region,2021-11-13,9401
E12000009,South West,region,2021-11-12,9396
E12000009,South West,region,2021-11-11,9383
E12000009,South West,region,2021-11-10,9370
E12000009,South West,region,2021-11-09,9361
E12000009,South West,region,2021-11-08,9344
E12000009,South West,region,2021-11-07,9336
E12000009,South West,region,2021-11-06,9326
E12000009,South West,region,2021-11-05,9313
E12000009,South West,region,2021-11-04,9297
E12000009,South West,region,2021-11-03,9286
E12000009,South West,region,2021-11-02,9271
E12000009,South West,region,2021-11-01,9259
E12000009,South West,region,2021-10-31,9244
E12000009,South West,region,2021-10-30,9230
E12000009,South West,region,2021-10-29,9220
E12000009,South West,region,2021-10-28,9201
E12000009,South West,region,2021-10-27,9185
E12000009,South West,region,2021-10-26,9172
E12000009,South West,region,2021-10-25,9153
E12000009,South West,region,2021-10-24,9143
E12000009,South West,region,2021-10-23,9134
E12000009,South West,region,2021-10-22,9113
E12000009,South West,region,2021-10-21,9100
E12000009,South West,region,2021-10-20,9089
E12000009,South West,region,2021-10-19,9084
E12000009,South West,region,2021-10-18,9077
E12000009,South West,region,2021-10-17,9067
E12000009,South West,region,2021-10-16,9059
E12000009,South West,region,2021-10-15,9052
E12000009,South West,region,2021-10-14,9038
E12000009,South West,region,2021-10-13,9024
E12000009,South West,region,2021-10-12,9013
E12000009,South West,region,2021-10-11,9004
E12000009,South West,region,2021-10-10,8999
E12000009,South West,region,2021-10-09,8993
E12000009,South West,region,2021-10-08,8986
E12000009,South West,region,2021-10-07,8979
E12000009,South West,region,2021-10-06,8969
E12000009,South West,region,2021-10-05,8964
E12000009,South West,region,2021-10-04,8957
E12000009,South West,region,2021-10-03,8944
E12000009,South West,region,2021-10-02,8938
E12000009,South West,region,2021-10-01,8929
E12000009,South West,region,2021-09-30,8919
E12000009,South West,region,2021-09-29,8912
E12000009,South West,region,2021-09-28,8906
E12000009,South West,region,2021-09-27,8901
E12000009,South West,region,2021-09-26,8890
E12000009,South West,region,2021-09-25,8881
E12000009,South West,region,2021-09-24,8871
E12000009,South West,region,2021-09-23,8864
E12000009,South West,region,2021-09-22,8853
E12000009,South West,region,2021-09-21,8840
E12000009,South West,region,2021-09-20,8834
E12000009,South West,region,2021-09-19,8828
E12000009,South West,region,2021-09-18,8821
E12000009,South West,region,2021-09-17,8813
E12000009,South West,region,2021-09-16,8799
E12000009,South West,region,2021-09-15,8791
E12000009,South West,region,2021-09-14,8785
E12000009,South West,region,2021-09-13,8774
E12000009,South West,region,2021-09-12,8767
E12000009,South West,region,2021-09-11,8761
E12000009,South West,region,2021-09-10,8751
E12000009,South West,region,2021-09-09,8744
E12000009,South West,region,2021-09-08,8733
E12000009,South West,region,2021-09-07,8720
E12000009,South West,region,2021-09-06,8710
E12000009,South West,region,2021-09-05,8689
E12000009,South West,region,2021-09-04,8681
E12000009,South West,region,2021-09-03,8675
E12000009,South West,region,2021-09-02,8666
E12000009,South West,region,2021-09-01,8654
E12000009,South West,region,2021-08-31,8644
E12000009,South West,region,2021-08-30,8638
E12000009,South West,region,2021-08-29,8630
E12000009,South West,region,2021-08-28,8615
E12000009,South West,region,2021-08-27,8605
E12000009,South West,region,2021-08-26,8599
E12000009,South West,region,2021-08-25,8585
E12000009,South West,region,2021-08-24,8580
E12000009,South West,region,2021-08-23,8571
E12000009,South West,region,2021-08-22,8560
E12000009,South West,region,2021-08-21,8552
E12000009,South West,region,2021-08-20,8542
E12000009,South West,region,2021-08-19,8536
E12000009,South West,region,2021-08-18,8519
E12000009,South West,region,2021-08-17,8510
E12000009,South West,region,2021-08-16,8502
E12000009,South West,region,2021-08-15,8498
E12000009,South West,region,2021-08-14,8494
E12000009,South West,region,2021-08-13,8489
E12000009,South West,region,2021-08-12,8483
E12000009,South West,region,2021-08-11,8476
E12000009,South West,region,2021-08-10,8475
E12000009,South West,region,2021-08-09,8470
E12000009,South West,region,2021-08-08,8465
E12000009,South West,region,2021-08-07,8460
E12000009,South West,region,2021-08-06,8453
E12000009,South West,region,2021-08-05,8447
E12000009,South West,region,2021-08-04,8443
E12000009,South West,region,2021-08-03,8439
E12000009,South West,region,2021-08-02,8433
E12000009,South West,region,2021-08-01,8429
E12000009,South West,region,2021-07-31,8423
E12000009,South West,region,2021-07-30,8421
E12000009,South West,region,2021-07-29,8416
E12000009,South West,region,2021-07-28,8414
E12000009,South West,region,2021-07-27,8406
E12000009,South West,region,2021-07-26,8402
E12000009,South West,region,2021-07-25,8399
E12000009,South West,region,2021-07-24,8394
E12000009,South West,region,2021-07-23,8391
E12000009,South West,region,2021-07-22,8382
E12000009,South West,region,2021-07-21,8379
E12000009,South West,region,2021-07-20,8376
E12000009,South West,region,2021-07-19,8374
E12000009,South West,region,2021-07-18,8372
E12000009,South West,region,2021-07-17,8368
E12000009,South West,region,2021-07-16,8361
E12000009,South West,region,2021-07-15,8361
E12000009,South West,region,2021-07-14,8360
E12000009,South West,region,2021-07-13,8357
E12000009,South West,region,2021-07-12,8357
E12000009,South West,region,2021-07-11,8353
E12000009,South West,region,2021-07-10,8351
E12000009,South West,region,2021-07-09,8351
E12000009,South West,region,2021-07-08,8350
E12000009,South West,region,2021-07-07,8350
E12000009,South West,region,2021-07-06,8347
E12000009,South West,region,2021-07-05,8346
E12000009,South West,region,2021-07-04,8346
E12000009,South West,region,2021-07-03,8345
E12000009,South West,region,2021-07-02,8343
E12000009,South West,region,2021-07-01,8341
E12000009,South West,region,2021-06-30,8339
E12000009,South West,region,2021-06-29,8339
E12000009,South West,region,2021-06-28,8337
E12000009,South West,region,2021-06-27,8336
E12000009,South West,region,2021-06-26,8334
E12000009,South West,region,2021-06-25,8333
E12000009,South West,region,2021-06-24,8332
E12000009,South West,region,2021-06-23,8331
E12000009,South West,region,2021-06-22,8331
E12000009,South West,region,2021-06-21,8331
E12000009,South West,region,2021-06-20,8331
E12000009,South West,region,2021-06-19,8330
E12000009,South West,region,2021-06-18,8330
E12000009,South West,region,2021-06-17,8330
E12000009,South West,region,2021-06-16,8330
E12000009,South West,region,2021-06-15,8330
E12000009,South West,region,2021-06-14,8329
E12000009,South West,region,2021-06-13,8329
E12000009,South West,region,2021-06-12,8329
E12000009,South West,region,2021-06-11,8329
E12000009,South West,region,2021-06-10,8328
E12000009,South West,region,2021-06-09,8328
E12000009,South West,region,2021-06-08,8328
E12000009,South West,region,2021-06-07,8328
E12000009,South West,region,2021-06-06,8328
E12000009,South West,region,2021-06-05,8327
E12000009,South West,region,2021-06-04,8327
E12000009,South West,region,2021-06-03,8327
E12000009,South West,region,2021-06-02,8327
E12000009,South West,region,2021-06-01,8327
E12000009,South West,region,2021-05-31,8327
E12000009,South West,region,2021-05-30,8327
E12000009,South West,region,2021-05-29,8326
E12000009,South West,region,2021-05-28,8326
E12000009,South West,region,2021-05-27,8326
E12000009,South West,region,2021-05-26,8326
E12000009,South West,region,2021-05-25,8326
E12000009,South West,region,2021-05-24,8326
E12000009,South West,region,2021-05-23,8326
E12000009,South West,region,2021-05-22,8326
E12000009,South West,region,2021-05-21,8326
E12000009,South West,region,2021-05-20,8325
E12000009,South West,region,2021-05-19,8325
E12000009,South West,region,2021-05-18,8324
E12000009,South West,region,2021-05-17,8323
E12000009,South West,region,2021-05-16,8323
E12000009,South West,region,2021-05-15,8323
E12000009,South West,region,2021-05-14,8322
E12000009,South West,region,2021-05-13,8322
E12000009,South West,region,2021-05-12,8322
E12000009,South West,region,2021-05-11,8321
E12000009,South West,region,2021-05-10,8321
E12000009,South West,region,2021-05-09,8321
E12000009,South West,region,2021-05-08,8320
E12000009,South West,region,2021-05-07,8319
E12000009,South West,region,2021-05-06,8318
E12000009,South West,region,2021-05-05,8317
E12000009,South West,region,2021-05-04,8316
E12000009,South West,region,2021-05-03,8314
E12000009,South West,region,2021-05-02,8312
E12000009,South West,region,2021-05-01,8308
E12000009,South West,region,2021-04-30,8306
E12000009,South West,region,2021-04-29,8303
E12000009,South West,region,2021-04-28,8300
E12000009,South West,region,2021-04-27,8298
E12000009,South West,region,2021-04-26,8296
E12000009,South West,region,2021-04-25,8294
E12000009,South West,region,2021-04-24,8293
E12000009,South West,region,2021-04-23,8293
E12000009,South West,region,2021-04-22,8292
E12000009,South West,region,2021-04-21,8288
E12000009,South West,region,2021-04-20,8287
E12000009,South West,region,2021-04-19,8285
E12000009,South West,region,2021-04-18,8285
E12000009,South West,region,2021-04-17,8284
E12000009,South West,region,2021-04-16,8283
E12000009,South West,region,2021-04-15,8282
E12000009,South West,region,2021-04-14,8280
E12000009,South West,region,2021-04-13,8280
E12000009,South West,region,2021-04-12,8280
E12000009,South West,region,2021-04-11,8277
E12000009,South West,region,2021-04-10,8273
E12000009,South West,region,2021-04-09,8272
E12000009,South West,region,2021-04-08,8269
E12000009,South West,region,2021-04-07,8265
E12000009,South West,region,2021-04-06,8260
E12000009,South West,region,2021-04-05,8258
E12000009,South West,region,2021-04-04,8255
E12000009,South West,region,2021-04-03,8253
E12000009,South West,region,2021-04-02,8251
E12000009,South West,region,2021-04-01,8250
E12000009,South West,region,2021-03-31,8248
E12000009,South West,region,2021-03-30,8243
E12000009,South West,region,2021-03-29,8242
E12000009,South West,region,2021-03-28,8239
E12000009,South West,region,2021-03-27,8235
E12000009,South West,region,2021-03-26,8233
E12000009,South West,region,2021-03-25,8230
E12000009,South West,region,2021-03-24,8225
E12000009,South West,region,2021-03-23,8222
E12000009,South West,region,2021-03-22,8218
E12000009,South West,region,2021-03-21,8214
E12000009,South West,region,2021-03-20,8206
E12000009,South West,region,2021-03-19,8203
E12000009,South West,region,2021-03-18,8199
E12000009,South West,region,2021-03-17,8197
E12000009,South West,region,2021-03-16,8192
E12000009,South West,region,2021-03-15,8186
E12000009,South West,region,2021-03-14,8180
E12000009,South West,region,2021-03-13,8175
E12000009,South West,region,2021-03-12,8167
E12000009,South West,region,2021-03-11,8162
E12000009,South West,region,2021-03-10,8156
E12000009,South West,region,2021-03-09,8149
E12000009,South West,region,2021-03-08,8137
E12000009,South West,region,2021-03-07,8124
E12000009,South West,region,2021-03-06,8116
E12000009,South West,region,2021-03-05,8103
E12000009,South West,region,2021-03-04,8099
E12000009,South West,region,2021-03-03,8091
E12000009,South West,region,2021-03-02,8081
E12000009,South West,region,2021-03-01,8068
E12000009,South West,region,2021-02-28,8049
E12000009,South West,region,2021-02-27,8028
E12000009,South West,region,2021-02-26,8013
E12000009,South West,region,2021-02-25,7997
E12000009,South West,region,2021-02-24,7969
E12000009,South West,region,2021-02-23,7946
E12000009,South West,region,2021-02-22,7922
E12000009,South West,region,2021-02-21,7901
E12000009,South West,region,2021-02-20,7875
E12000009,South West,region,2021-02-19,7851
E12000009,South West,region,2021-02-18,7825
E12000009,South West,region,2021-02-17,7790
E12000009,South West,region,2021-02-16,7758
E12000009,South West,region,2021-02-15,7737
E12000009,South West,region,2021-02-14,7702
E12000009,South West,region,2021-02-13,7662
E12000009,South West,region,2021-02-12,7623
E12000009,South West,region,2021-02-11,7576
E12000009,South West,region,2021-02-10,7538
E12000009,South West,region,2021-02-09,7490
E12000009,South West,region,2021-02-08,7436
E12000009,South West,region,2021-02-07,7376
E12000009,South West,region,2021-02-06,7312
E12000009,South West,region,2021-02-05,7247
E12000009,South West,region,2021-02-04,7183
E12000009,South West,region,2021-02-03,7124
E12000009,South West,region,2021-02-02,7060
E12000009,South West,region,2021-02-01,6978
E12000009,South West,region,2021-01-31,6913
E12000009,South West,region,2021-01-30,6840
E12000009,South West,region,2021-01-29,6755
E12000009,South West,region,2021-01-28,6670
E12000009,South West,region,2021-01-27,6566
E12000009,South West,region,2021-01-26,6469
E12000009,South West,region,2021-01-25,6372
E12000009,South West,region,2021-01-24,6259
E12000009,South West,region,2021-01-23,6155
E12000009,South West,region,2021-01-22,6058
E12000009,South West,region,2021-01-21,5953
E12000009,South West,region,2021-01-20,5856
E12000009,South West,region,2021-01-19,5746
E12000009,South West,region,2021-01-18,5648
E12000009,South West,region,2021-01-17,5569
E12000009,South West,region,2021-01-16,5485
E12000009,South West,region,2021-01-15,5389
E12000009,South West,region,2021-01-14,5314
E12000009,South West,region,2021-01-13,5231
E12000009,South West,region,2021-01-12,5162
E12000009,South West,region,2021-01-11,5090
E12000009,South West,region,2021-01-10,5032
E12000009,South West,region,2021-01-09,4974
E12000009,South West,region,2021-01-08,4928
E12000009,South West,region,2021-01-07,4883
E12000009,South West,region,2021-01-06,4833
E12000009,South West,region,2021-01-05,4790
E12000009,South West,region,2021-01-04,4742
E12000009,South West,region,2021-01-03,4699
E12000009,South West,region,2021-01-02,4663
E12000009,South West,region,2021-01-01,4621
E12000009,South West,region,2020-12-31,4583
E12000009,South West,region,2020-12-30,4547
E12000009,South West,region,2020-12-29,4520
E12000009,South West,region,2020-12-28,4488
E12000009,South West,region,2020-12-27,4456
E12000009,South West,region,2020-12-26,4428
E12000009,South West,region,2020-12-25,4402
E12000009,South West,region,2020-12-24,4375
E12000009,South West,region,2020-12-23,4349
E12000009,South West,region,2020-12-22,4325
E12000009,South West,region,2020-12-21,4295
E12000009,South West,region,2020-12-20,4266
E12000009,South West,region,2020-12-19,4241
E12000009,South West,region,2020-12-18,4209
E12000009,South West,region,2020-12-17,4189
E12000009,South West,region,2020-12-16,4157
E12000009,South West,region,2020-12-15,4134
E12000009,South West,region,2020-12-14,4100
E12000009,South West,region,2020-12-13,4073
E12000009,South West,region,2020-12-12,4044
E12000009,South West,region,2020-12-11,4021
E12000009,South West,region,2020-12-10,3990
E12000009,South West,region,2020-12-09,3956
E12000009,South West,region,2020-12-08,3931
E12000009,South West,region,2020-12-07,3906
E12000009,South West,region,2020-12-06,3878
E12000009,South West,region,2020-12-05,3860
E12000009,South West,region,2020-12-04,3834
E12000009,South West,region,2020-12-03,3804
E12000009,South West,region,2020-12-02,3780
E12000009,South West,region,2020-12-01,3754
E12000009,South West,region,2020-11-30,3731
E12000009,South West,region,2020-11-29,3701
E12000009,South West,region,2020-11-28,3670
E12000009,South West,region,2020-11-27,3639
E12000009,South West,region,2020-11-26,3611
E12000009,South West,region,2020-11-25,3594
E12000009,South West,region,2020-11-24,3566
E12000009,South West,region,2020-11-23,3535
E12000009,South West,region,2020-11-22,3515
E12000009,South West,region,2020-11-21,3478
E12000009,South West,region,2020-11-20,3441
E12000009,South West,region,2020-11-19,3406
E12000009,South West,region,2020-11-18,3385
E12000009,South West,region,2020-11-17,3362
E12000009,South West,region,2020-11-16,3335
E12000009,South West,region,2020-11-15,3313
E12000009,South West,region,2020-11-14,3295
E12000009,South West,region,2020-11-13,3286
E12000009,South West,region,2020-11-12,3273
E12000009,South West,region,2020-11-11,3257
E12000009,South West,region,2020-11-10,3241
E12000009,South West,region,2020-11-09,3231
E12000009,South West,region,2020-11-08,3214
E12000009,South West,region,2020-11-07,3195
E12000009,South West,region,2020-11-06,3183
E12000009,South West,region,2020-11-05,3166
E12000009,South West,region,2020-11-04,3152
E12000009,South West,region,2020-11-03,3146
E12000009,South West,region,2020-11-02,3136
E12000009,South West,region,2020-11-01,3122
E12000009,South West,region,2020-10-31,3115
E12000009,South West,region,2020-10-30,3104
E12000009,South West,region,2020-10-29,3093
E12000009,South West,region,2020-10-28,3078
E12000009,South West,region,2020-10-27,3071
E12000009,South West,region,2020-10-26,3060
E12000009,South West,region,2020-10-25,3051
E12000009,South West,region,2020-10-24,3046
E12000009,South West,region,2020-10-23,3039
E12000009,South West,region,2020-10-22,3034
E12000009,South West,region,2020-10-21,3028
E12000009,South West,region,2020-10-20,3021
E12000009,South West,region,2020-10-19,3019
E12000009,South West,region,2020-10-18,3016
E12000009,South West,region,2020-10-17,3009
E12000009,South West,region,2020-10-16,3002
E12000009,South West,region,2020-10-15,2999
E12000009,South West,region,2020-10-14,2997
E12000009,South West,region,2020-10-13,2994
E12000009,South West,region,2020-10-12,2991
E12000009,South West,region,2020-10-11,2987
E12000009,South West,region,2020-10-10,2982
E12000009,South West,region,2020-10-09,2981
E12000009,South West,region,2020-10-08,2979
E12000009,South West,region,2020-10-07,2977
E12000009,South West,region,2020-10-06,2976
E12000009,South West,region,2020-10-05,2975
E12000009,South West,region,2020-10-04,2975
E12000009,South West,region,2020-10-03,2972
E12000009,South West,region,2020-10-02,2971
E12000009,South West,region,2020-10-01,2970
E12000009,South West,region,2020-09-30,2969
E12000009,South West,region,2020-09-29,2968
E12000009,South West,region,2020-09-28,2967
E12000009,South West,region,2020-09-27,2966
E12000009,South West,region,2020-09-26,2965
E12000009,South West,region,2020-09-25,2965
E12000009,South West,region,2020-09-24,2965
E12000009,South West,region,2020-09-23,2962
E12000009,South West,region,2020-09-22,2961
E12000009,South West,region,2020-09-21,2961
E12000009,South West,region,2020-09-20,2961
E12000009,South West,region,2020-09-19,2960
E12000009,South West,region,2020-09-18,2960
E12000009,South West,region,2020-09-17,2959
E12000009,South West,region,2020-09-16,2957
E12000009,South West,region,2020-09-15,2957
E12000009,South West,region,2020-09-14,2954
E12000009,South West,region,2020-09-13,2953
E12000009,South West,region,2020-09-12,2951
E12000009,South West,region,2020-09-11,2951
E12000009,South West,region,2020-09-10,2951
E12000009,South West,region,2020-09-09,2950
E12000009,South West,region,2020-09-08,2950
E12000009,South West,region,2020-09-07,2949
E12000009,South West,region,2020-09-06,2949
E12000009,South West,region,2020-09-05,2949
E12000009,South West,region,2020-09-04,2949
E12000009,South West,region,2020-09-03,2947
E12000009,South West,region,2020-09-02,2946
E12000009,South West,region,2020-09-01,2945
E12000009,South West,region,2020-08-31,2945
E12000009,South West,region,2020-08-30,2945
E12000009,South West,region,2020-08-29,2945
E12000009,South West,region,2020-08-28,2945
E12000009,South West,region,2020-08-27,2943
E12000009,South West,region,2020-08-26,2942
E12000009,South West,region,2020-08-25,2942
E12000009,South West,region,2020-08-24,2941
E12000009,South West,region,2020-08-23,2941
E12000009,South West,region,2020-08-22,2940
E12000009,South West,region,2020-08-21,2940
E12000009,South West,region,2020-08-20,2940
E12000009,South West,region,2020-08-19,2938
E12000009,South West,region,2020-08-18,2937
E12000009,South West,region,2020-08-17,2937
E12000009,South West,region,2020-08-16,2935
E12000009,South West,region,2020-08-15,2935
E12000009,South West,region,2020-08-14,2935
E12000009,South West,region,2020-08-13,2933
E12000009,South West,region,2020-08-12,2932
E12000009,South West,region,2020-08-11,2930
E12000009,South West,region,2020-08-10,2929
E12000009,South West,region,2020-08-09,2929
E12000009,South West,region,2020-08-08,2928
E12000009,South West,region,2020-08-07,2928
E12000009,South West,region,2020-08-06,2928
E12000009,South West,region,2020-08-05,2928
E12000009,South West,region,2020-08-04,2928
E12000009,South West,region,2020-08-03,2927
E12000009,South West,region,2020-08-02,2927
E12000009,South West,region,2020-08-01,2927
E12000009,South West,region,2020-07-31,2927
E12000009,South West,region,2020-07-30,2926
E12000009,South West,region,2020-07-29,2925
E12000009,South West,region,2020-07-28,2924
E12000009,South West,region,2020-07-27,2924
E12000009,South West,region,2020-07-26,2924
E12000009,South West,region,2020-07-25,2924
E12000009,South West,region,2020-07-24,2923
E12000009,South West,region,2020-07-23,2923
E12000009,South West,region,2020-07-22,2923
E12000009,South West,region,2020-07-21,2923
E12000009,South West,region,2020-07-20,2922
E12000009,South West,region,2020-07-19,2921
E12000009,South West,region,2020-07-18,2921
E12000009,South West,region,2020-07-17,2920
E12000009,South West,region,2020-07-16,2919
E12000009,South West,region,2020-07-15,2918
E12000009,South West,region,2020-07-14,2916
E12000009,South West,region,2020-07-13,2914
E12000009,South West,region,2020-07-12,2912
E12000009,South West,region,2020-07-11,2912
E12000009,South West,region,2020-07-10,2912
E12000009,South West,region,2020-07-09,2911
E12000009,South West,region,2020-07-08,2911
E12000009,South West,region,2020-07-07,2908
E12000009,South West,region,2020-07-06,2907
E12000009,South West,region,2020-07-05,2904
E12000009,South West,region,2020-07-04,2903
E12000009,South West,region,2020-07-03,2903
E12000009,South West,region,2020-07-02,2902
E12000009,South West,region,2020-07-01,2901
E12000009,South West,region,2020-06-30,2901
E12000009,South West,region,2020-06-29,2896
E12000009,South West,region,2020-06-28,2895
E12000009,South West,region,2020-06-27,2895
E12000009,South West,region,2020-06-26,2892
E12000009,South West,region,2020-06-25,2889
E12000009,South West,region,2020-06-24,2887
E12000009,South West,region,2020-06-23,2884
E12000009,South West,region,2020-06-22,2881
E12000009,South West,region,2020-06-21,2879
E12000009,South West,region,2020-06-20,2876
E12000009,South West,region,2020-06-19,2873
E12000009,South West,region,2020-06-18,2872
E12000009,South West,region,2020-06-17,2870
E12000009,South West,region,2020-06-16,2867
E12000009,South West,region,2020-06-15,2859
E12000009,South West,region,2020-06-14,2856
E12000009,South West,region,2020-06-13,2851
E12000009,South West,region,2020-06-12,2850
E12000009,South West,region,2020-06-11,2844
E12000009,South West,region,2020-06-10,2838
E12000009,South West,region,2020-06-09,2831
E12000009,South West,region,2020-06-08,2829
E12000009,South West,region,2020-06-07,2824
E12000009,South West,region,2020-06-06,2811
E12000009,South West,region,2020-06-05,2806
E12000009,South West,region,2020-06-04,2799
E12000009,South West,region,2020-06-03,2791
E12000009,South West,region,2020-06-02,2778
E12000009,South West,region,2020-06-01,2771
E12000009,South West,region,2020-05-31,2759
E12000009,South West,region,2020-05-30,2747
E12000009,South West,region,2020-05-29,2738
E12000009,South West,region,2020-05-28,2726
E12000009,South West,region,2020-05-27,2710
E12000009,South West,region,2020-05-26,2696
E12000009,South West,region,2020-05-25,2683
E12000009,South West,region,2020-05-24,2664
E12000009,South West,region,2020-05-23,2651
E12000009,South West,region,2020-05-22,2637
E12000009,South West,region,2020-05-21,2619
E12000009,South West,region,2020-05-20,2600
E12000009,South West,region,2020-05-19,2589
E12000009,South West,region,2020-05-18,2570
E12000009,South West,region,2020-05-17,2557
E12000009,South West,region,2020-05-16,2537
E12000009,South West,region,2020-05-15,2520
E12000009,South West,region,2020-05-14,2505
E12000009,South West,region,2020-05-13,2487
E12000009,South West,region,2020-05-12,2462
E12000009,South West,region,2020-05-11,2446
E12000009,South West,region,2020-05-10,2427
E12000009,South West,region,2020-05-09,2404
E12000009,South West,region,2020-05-08,2367
E12000009,South West,region,2020-05-07,2341
E12000009,South West,region,2020-05-06,2300
E12000009,South West,region,2020-05-05,2264
E12000009,South West,region,2020-05-04,2216
E12000009,South West,region,2020-05-03,2169
E12000009,South West,region,2020-05-02,2131
E12000009,South West,region,2020-05-01,2089
E12000009,South West,region,2020-04-30,2053
E12000009,South West,region,2020-04-29,1995
E12000009,South West,region,2020-04-28,1942
E12000009,South West,region,2020-04-27,1888
E12000009,South West,region,2020-04-26,1820
E12000009,South West,region,2020-04-25,1760
E12000009,South West,region,2020-04-24,1706
E12000009,South West,region,2020-04-23,1644
E12000009,South West,region,2020-04-22,1583
E12000009,South West,region,2020-04-21,1524
E12000009,South West,region,2020-04-20,1450
E12000009,South West,region,2020-04-19,1385
E12000009,South West,region,2020-04-18,1311
E12000009,South West,region,2020-04-17,1248
E12000009,South West,region,2020-04-16,1166
E12000009,South West,region,2020-04-15,1093
E12000009,South West,region,2020-04-14,1027
E12000009,South West,region,2020-04-13,966
E12000009,South West,region,2020-04-12,905
E12000009,South West,region,2020-04-11,834
E12000009,South West,region,2020-04-10,759
E12000009,South West,region,2020-04-09,668
E12000009,South West,region,2020-04-08,622
E12000009,South West,region,2020-04-07,542
E12000009,South West,region,2020-04-06,479
E12000009,South West,region,2020-04-05,422
E12000009,South West,region,2020-04-04,366
E12000009,South West,region,2020-04-03,306
E12000009,South West,region,2020-04-02,260
E12000009,South West,region,2020-04-01,226
E12000009,South West,region,2020-03-31,194
E12000009,South West,region,2020-03-30,169
E12000009,South West,region,2020-03-29,137
E12000009,South West,region,2020-03-28,109
E12000009,South West,region,2020-03-27,80
E12000009,South West,region,2020-03-26,68
E12000009,South West,region,2020-03-25,59
E12000009,South West,region,2020-03-24,49
E12000009,South West,region,2020-03-23,42
E12000009,South West,region,2020-03-22,31
E12000009,South West,region,2020-03-21,25
E12000009,South West,region,2020-03-20,17
E12000009,South West,region,2020-03-19,14
E12000009,South West,region,2020-03-18,10
E12000009,South West,region,2020-03-17,7
E12000009,South West,region,2020-03-16,5
E12000009,South West,region,2020-03-15,3
E12000009,South West,region,2020-03-14,2
E12000009,South West,region,2020-03-13,1
E12000009,South West,region,2020-03-12,1
E12000009,South West,region,2020-03-11,1
